0 935.852266667 15
1 1059.2175 16
2 1272.76222222 9
3 1224.83742857 7
4 1244.39466667 9
5 1039.33107692 13
6 990.6165 8
7 1420.08333333 3
8 2154.76514286 7
9 1093.65981818 11
10 969.850727273 11
11 1043.442 7
12 767.44725 8
13 1190.56690909 11
14 1150.64683333 12
15 1376.79725 8
16 1110.20116667 12
17 1480.38777778 9
18 609.767 8
19 1218.5505 8
20 1133.838 4
21 1145.69581818 11
22 1102.74057143 7
23 1052.1996 5
24 1155.873 10
25 1278.68490909 11
26 859.026923077 13
27 1016.84114286 14
28 1104.502 15
29 1242.97711111 9
30 1328.35466667 6
31 1054.37057143 14
32 1328.4312 5
33 928.799333333 9
34 613.071 8
35 1268.03666667 9
36 1052.05723077 13
37 1380.40571429 7
38 1307.82123077 13
39 921.675 10
40 1170.38085714 7
41 1291.31538462 13
42 1258.26472727 11
43 1304.82711111 9
44 1180.948 9
45 638.548333333 6
46 882.423333333 12
47 1042.72364706 17
48 649.74 4
49 1033.10133333 6
50 871.198 12
51 1024.63725 8
52 1069.62488889 9
53 2174.2114 10
54 1081.63883333 12
55 1009.85733333 12
56 856.854333333 12
57 1546.29371429 7
58 936.6166 10
59 1195.1462 10
60 958.044 13
61 890.249090909 11
62 913.634909091 11
63 1251.38033333 6
64 1011.1506 10
65 1145.398875 16
66 1061.22836364 11
67 643.246666667 6
68 1344.98466667 9
69 1241.02 13
70 741.761555556 9
71 1437.567 14
72 1195.05258824 17
73 1222.69188235 17
74 1276.61890909 11
75 898.2584 5
76 1350.404 8
77 950.00975 8
78 867.795111111 9
79 907.787333333 9
80 621.8432 5
81 1179.897 10
82 1214.3165 20
83 1325.26288889 9
84 964.480666667 18
85 1227.62222222 9
86 1413.36771429 14
87 833.9696 5
88 1011.964 15
89 1172.13085714 7
90 1108.4752 10
91 1710.1488 5
92 1033.612 11
93 1037.53875 8
94 1422.57285714 7
95 756.3986 10
96 957.35675 8
97 1131.65366667 6
98 914.69975 8
99 1017.30875 8
100 1117.4845 8
101 1030.66514286 7
102 972.377384615 13
103 1276.046 14
104 1114.914 9
105 1474.0385 4
106 1208.05742857 7
107 1444.69914286 14
108 1197.32533333 9
109 983.038571429 14
110 860.189272727 11
111 1269.70733333 12
112 832.448 9
113 1136.9832 10
114 1172.2506 10
115 1098.4605 8
116 1054.96672727 11
117 996.626888889 9
118 1161.95018182 11
119 1369.1648 10
120 819.8206 10
121 1005.89025 8
122 1490.78975 16
123 961.612545455 11
124 1357.6986 10
125 879.517555556 9
126 1051.45581818 11
127 894.3196 5
128 1177.697 6
129 1278.8106 10
130 1165.631375 16
131 1249.45244444 9
132 975.9855 12
133 1223.53341176 17
134 769.394222222 9
135 938.615176471 17
136 978.2526 10
137 1289.82875 8
138 1311.42226667 15
139 1240.79088889 9
140 1133.72653333 15
141 1334.60666667 15
142 1411.24914286 7
143 1735.46742857 7
144 846.0916 5
145 1317.24727273 11
146 1131.87333333 15
147 1256.183875 16
148 1427.35618182 11
149 723.585555556 9
150 1834.7935 4
151 1222.32977778 9
152 1440.53854545 11
153 1300.36444444 9
154 1344.205 10
155 1157.9816 15
156 1133.7984 10
157 1643.99155556 9
158 797.506571429 14
159 1232.4128 5
160 1106.22145455 11
161 1421.90818182 11
162 1231.01057143 7
163 1302.524 11
164 1286.64466667 9
165 1241.74557143 14
166 1091.0892 10
167 1116.44414286 14
168 1252.71455556 18
169 1399.51911111 9
170 764.86825 8
171 1275.722 7
172 1070.6332 5
173 1279.371 12
174 810.959538462 13
175 1114.88105882 17
176 1549.27 5
177 1116.4736 10
178 1021.38066667 15
179 1118.08271429 14
180 1433.40755556 9
181 1244.568375 16
182 1163.91616667 12
183 1483.7138 10
184 1249.46933333 6
185 834.449555556 9
186 1154.37622222 9
187 817.957333333 12
188 1303.951 12
189 1188.2262 10
190 1304.33909091 11
191 1595.36745455 11
192 1044.84685714 7
193 812.694 7
194 1071.37914286 7
195 1450.33857143 14
196 1358.02788889 18
197 813.291 8
198 1399.88933333 9
199 971.6835 12
200 1057.68942857 7
201 1654.53644444 9
202 1283.02963636 11
203 997.309714286 14
204 1124.46963636 11
205 1325.34246154 13
206 753.58125 16
207 1384.17228571 7
208 1010.71511111 9
209 956.891857143 14
210 1433.3418 10
211 1131.45764706 17
212 981.1864 10
213 527.9245 4
214 810.689 6
215 1657.63636364 11
216 868.692363636 11
217 1330.6104 5
218 1241.66725 8
219 2059.27733333 6
220 928.845142857 7
221 1207.6786 10
222 665.942 10
223 1569.6052 5
224 569.159 6
225 759.18875 8
226 1100.68309091 11
227 1466.132 6
228 1322.02633333 12
229 941.64 11
230 1256.00373333 15
231 1148.30563636 11
232 888.34 4
233 849.8166 10
234 1145.16818182 11
235 1327.97783333 12
236 950.5755 8
237 842.814363636 11
238 1083.00854545 11
239 805.284444444 9
240 993.2006 10
241 1254.92933333 12
242 1014.566 14
243 1076.899 8
244 1046.77125 8
245 894.953428571 7
246 857.694285714 7
247 879.0135 12
248 1088.32333333 9
249 1348.58833333 6
250 1132.70844444 9
251 1103.99085714 7
252 1722.18714286 7
253 1158.80566667 12
254 904.369142857 14
255 1212.61466667 6
256 970.666 8
257 1070.14533333 6
258 976.995411765 17
259 1088.74709091 11
260 1269.7748 10
261 897.760571429 7
262 1602.7205 12
263 1173.9146 10
264 1275.329 6
265 1109.58755556 9
266 864.277428571 7
267 1516.1385 4
268 1005.05346667 15
269 1110.63516667 12
270 1185.50466667 9
271 961.286181818 11
272 1220.75054545 11
273 1238.15155556 9
274 1217.22971429 7
275 524.5125 4
276 1061.65666667 9
277 1147.80142857 7
278 677.44425 8
279 1264.30454545 11
280 989.484769231 13
281 1060.59630769 13
282 1081.2336 10
283 1432.03709091 11
284 953.169636364 11
285 1411.73528571 14
286 954.828 5
287 1020.57142857 7
288 1211.20125 8
289 960.155692308 13
290 2141.25533333 3
291 1224.66971429 14
292 1285.73276923 13
293 1121.67830769 13
294 1488.96916667 12
295 1280.33 11
296 1116.62525 8
297 1058.94666667 9
298 932.159428571 7
299 1088.07285714 7
300 1232.85644444 9
301 984.810666667 12
302 1519.99133333 9
303 1208.73314286 14
304 856.716222222 9
305 1093.6042 10
306 1256.62225 8
307 1302.89123077 13
308 1174.22066667 12
309 822.0025 16
310 1089.9186 10
311 805.053666667 6
312 919.072909091 11
313 839.312769231 13
314 1402.69244444 9
315 1267.83977778 9
316 812.3365 12
317 1348.05628571 7
318 1247.8935 8
319 1118.16909091 11
320 1252.483 8
321 605.285428571 7
322 1033.246 10
323 886.103818182 11
324 1237.774 4
325 1454.831 6
326 1087.35625 16
327 1404.026 13
328 988.60125 8
329 1341.76276923 13
330 1167.6008 15
331 1151.28490909 11
332 1113.89066667 6
333 1279.33215385 13
334 847.36 7
335 893.135666667 6
336 1179.565 14
337 1295.71938462 13
338 1073.03533333 9
339 1667.22654545 11
340 1085.575 8
341 1394.39830769 13
342 1251.39907692 13
343 899.397111111 9
344 881.6648 5
345 1223.37625 8
346 1141.92088889 9
347 940.18375 16
348 1254.24866667 6
349 1501.64288889 9
350 1352.70854545 11
351 1003.424 15
352 905.429090909 11
353 1785.8066 10
354 760.431 8
355 847.505428571 7
356 984.905090909 11
357 973.886545455 11
358 1344.3655 8
359 773.2484 10
360 891.863571429 14
361 1309.27384615 13
362 761.608285714 7
363 1058.9155 8
364 2098.2196 5
365 1157.65222222 9
366 1504.048 8
367 1027.5852 10
368 1107.6956 10
369 813.326 8
370 1004.6492 5
371 995.188 5
372 742.970666667 6
373 1343.9134 10
374 1265.5535 8
375 1029.2495 8
376 992.257625 16
377 1104.44257143 7
378 991.743272727 11
379 1216.81893333 15
380 935.319272727 11
381 1525.3932 10
382 1414.826 8
383 1009.2212 10
384 1011.53446154 13
385 836.210285714 7
386 1212.6715 12
387 1255.66314286 7
388 1236.324 10
389 1009.61288889 9
390 1061.73228571 7
391 1145.28258824 17
392 1112.5605 12
393 1432.54145455 11
394 1294.90822222 9
395 828.251714286 7
396 1588.58275 8
397 683.096 5
398 752.846444444 9
399 1141.7042 10
400 954.997333333 6
401 1398.93625 8
402 603.819 6
403 1267.33757143 14
404 1230.32283333 12
405 859.938 13
406 831.026615385 13
407 1708.3858 10
408 846.1796 5
409 1268.381 10
410 1197.3388 5
411 1552.26257143 7
412 942.908615385 13
413 1561.07844444 9
414 1007.74107692 13
415 1053.20388235 17
416 901.149 8
417 983.300444444 9
418 742.438571429 7
419 1321.124 13
420 1211.06083333 12
421 1526.746 11
422 1214.747 8
423 739.1185 16
424 775.289 6
425 1211.8365 8
426 1084.81109091 11
427 713.075142857 7
428 808.94625 8
429 986.688666667 9
430 1686.52545455 11
431 1067.99584615 13
432 1189.584 9
433 1389.24228571 7
434 1135.05883333 12
435 1111.6276 5
436 1035.57583333 12
437 1185.44244444 9
438 1117.23133333 9
439 1169.885 8
440 737.98 6
441 1445.3845 12
442 1338.93 7
443 1023.05981818 22
444 1041.303 12
445 804.98 7
446 753.385333333 6
447 1034.2288 5
448 1300.96314286 7
449 1129.4292 10
450 1458.884 11
451 1078.17109091 11
452 1216.12666667 9
453 1353.92125 8
454 1031.29114286 7
455 988.169833333 12
456 880.979833333 12
457 801.494285714 7
458 1438.42428571 7
459 805.913428571 14
460 1168.31 8
461 962.31 7
462 1520.503 8
463 930.142363636 11
464 1068.7786 10
465 1631.83285714 7
466 1062.65775 8
467 1749.29857143 7
468 1118.35371429 7
469 1128.0654 10
470 1018.05216667 12
471 971.19125 8
472 1032.2968 5
473 859.023272727 11
474 1294.39171429 14
475 827.9182 10
476 994.72625 8
477 1241.53316667 12
478 1206.30236364 11
479 1103.65028571 7
480 1201.0735 8
481 1339.17454545 11
482 978.010461538 13
483 1284.27569231 13
484 1108.3392 10
485 772.136444444 9
486 1349.45977778 9
487 760.384 6
488 1097.0128 10
489 1040.78685714 7
490 1020.35733333 9
491 1098.31911111 9
492 1171.91577778 9
493 1217.20371429 14
494 1052.90981818 11
495 1361.06625 8
496 1054.95745455 11
497 2030.20266667 9
498 741.290222222 9
499 894.466333333 12
500 933.363142857 7
501 1203.188375 16
502 1292.2664 10
503 1344.32254545 11
504 1596.7658 10
505 1013.564 12
506 1309.55085714 7
507 1094.31853333 15
508 1509.527 6
509 1334.52775 8
510 1299.61433333 6
511 1008.36822222 9
512 1139.78671429 14
513 1049.67046154 13
514 1022.00746667 15
515 1639.5404 5
516 1623.8485 8
517 791.137857143 14
518 1243.80661538 13
519 1602.49 7
520 1064.812 16
521 999.576333333 12
522 1208.46744444 18
523 1101.32927273 11
524 972.277111111 9
525 1178.51966667 12
526 859.613818182 11
527 942.920933333 15
528 999.2084 5
529 1090.76133333 12
530 1415.54571429 7
531 827.67575 8
532 1396.928 11
533 1893.0625 4
534 1147.45125 8
535 1157.911 12
536 1057.582 9
537 920.5124 10
538 1149.00166667 6
539 948.50525 8
540 1184.1282 10
541 1390.42928571 14
542 1879.89371429 7
543 997.236666667 6
544 1003.3306 10
545 784.792571429 7
546 856.322727273 11
547 785.398 8
548 1034.9528 10
549 1087.9015 12
550 1489.16 12
551 1121.75383333 12
552 1081.9836 15
553 1080.6132 5
554 981.571 4
555 1142.24514286 7
556 1100.2322 10
557 1083.52 8
558 1425.16653333 15
559 1149.6132 10
560 1153.203 12
561 900.265647059 17
562 795.21475 8
563 728.454307692 13
564 897.121428571 7
565 1043.1284 15
566 1951.72325 8
567 1584.916 12
568 1054.7858 10
569 999.942 4
570 1599.40466667 12
571 917.692 6
572 1116.906375 16
573 1460.23033333 18
574 1128.93775 8
575 1454.7015 8
576 1579.26933333 3
577 1183.301 10
578 991.929 12
579 1592.2864 5
580 848.322333333 12
581 1146.112375 16
582 1052.17454545 11
583 1255.49975 8
584 906.864857143 7
585 1128.3477 20
586 1385.61818182 11
587 966.292909091 11
588 1231.14127273 11
589 1211.75622222 9
590 1121.54492308 13
591 1112.85153846 13
592 903.881 10
593 1302.024 18
594 1681.949 6
595 1351.523 8
596 1613.406 5
597 1418.58533333 3
598 1417.6464 10
599 872.542857143 7
600 1045.32926316 19
601 1108.98116667 12
602 996.405714286 7
603 868.9674 10
604 1000.73 13
605 1408.72075 8
606 1209.22266667 3
607 1200.73218182 11
608 935.281384615 13
609 1059.08371429 7
610 1038.22383333 12
611 876.408666667 9
612 1234.33244444 9
613 760.256923077 13
614 1137.93466667 12
615 1332.04781818 11
616 1228.4 10
617 1442.12418182 11
618 1317.9165 8
619 960.745428571 7
620 1239.32766667 6
621 1074.52457143 14
622 1219.1695 12
623 923.935142857 14
624 1209.3288 10
625 1103.43963636 11
626 1283.6668 10
627 1145.10257143 14
628 1195.56755556 9
629 1348.15290909 11
630 1018.92977778 9
631 1287.24557143 14
632 1509.61385714 14
633 1329.903 16
634 1035.78111111 9
635 1373.41755556 9
636 1549.347 10
637 1539.3624 5
638 1390.19072727 11
639 1197.41690909 11
640 1175.62846154 13
641 1195.7286 10
642 1139.1892 10
643 1197.08844444 9
644 1380.3496 5
645 1117.564625 16
646 1192.5056 10
647 933.4832 5
648 999.745777778 9
649 793.3734 10
650 1071.62461538 13
651 1856.83690909 11
652 1017.8045 12
653 1003.02529412 17
654 836.517230769 13
655 1381.00685714 7
656 1267.586 8
657 938.4236 10
658 1335.73893333 15
659 1141.22166667 6
660 1731.0005 4
661 759.0048 10
662 787.538222222 9
663 900.6036 10
664 1243.2255 12
665 841.039166667 12
666 958.155111111 9
667 880.2512 5
668 921.227733333 15
669 942.532 8
670 1459.2745 8
671 897.8148 10
672 974.188 9
673 1171.004 12
674 1136.67942857 7
675 1183.58885714 7
676 709.0495 12
677 1397.35646154 13
678 902.475230769 13
679 1235.71388235 17
680 1114.4464 10
681 1166.13975 8
682 912.2556 10
683 816.3544 5
684 793.540545455 11
685 1452.20028571 7
686 1608.1325 8
687 909.620222222 18
688 1101.622 7
689 797.16875 8
690 1088.46090909 11
691 920.600307692 13
692 959.454 14
693 980.8196 5
694 1071.07738462 13
695 1296.759 8
696 1020.31054545 11
697 1077.443 16
698 884.4645 8
699 941.6492 15
700 1152.1618 10
701 1624.50733333 12
702 1461.14833333 6
703 1283.77066667 9
704 1137.9092 10
705 1014.96076923 13
706 1946.22888889 9
707 1230.97933333 12
708 955.880285714 7
709 933.000923077 13
710 1331.0676 15
711 928.455636364 11
712 1238.90030769 13
713 1501.67977778 9
714 876.0256 5
715 971.507555556 9
716 543.1255 4
717 1198.03094737 19
718 808.8325 8
719 1138.37628571 7
720 1569.74511111 9
721 1687.73933333 6
722 906.1968 10
723 985.691857143 14
724 1448.65125 8
725 2231.92466667 6
726 1122.26433333 6
727 932.366461538 13
728 991.490727273 11
729 1207.7074 10
730 1081.00309091 11
731 1631.378 7
732 1895.5315 8
733 1002.2924 15
734 1242.24222222 9
735 1544.49688889 9
736 1253.47214286 14
737 1008.79363636 11
738 1126.002 19
739 1200.2014 10
740 959.2948 10
741 1139.22783333 12
742 1608.44630769 13
743 1378.0135 12
744 1541.87523077 13
745 1063.471 14
746 1041.38675 16
747 954.93075 8
748 920.9224 5
749 1281.30969231 13
750 936.926363636 11
751 1281.16833333 12
752 1444.82755556 9
753 1043.921 10
754 1250.04153846 13
755 1175.85216667 12
756 803.016363636 11
757 762.1465 4
758 1392.2506 10
759 1389.53981818 11
760 1009.86763636 11
761 816.208363636 11
762 874.580285714 7
763 1392.17618182 11
764 1416.885 8
765 1118.63363636 11
766 1177.71555556 9
767 944.034 11
768 1310.0424 10
769 1294.9 8
770 1328.73346667 15
771 1502.8476 10
772 1090.82375 8
773 902.575454545 11
774 842.627636364 11
775 700.107666667 6
776 1319.81418182 11
777 1007.01952941 17
778 1454.94577778 9
779 1136.77685714 7
780 1042.38236364 11
781 987.8755 8
782 1308.40745455 11
783 1470.19226667 15
784 1719.4175 8
785 1248.84 8
786 1033.16222222 9
787 1344.198 14
788 1238.31054545 11
789 1241.462 12
790 1097.68385714 14
791 1345.73814286 14
792 1132.9058 10
793 928.25325 8
794 743.705285714 14
795 1559.56555556 9
796 858.338666667 9
797 1207.29093333 15
798 1282.84133333 9
799 1022.7376 5
800 698.2928 10
801 1233.45523077 13
802 908.740666667 12
803 656.261 4
804 824.647666667 6
805 1276.392 11
806 1173.528 14
807 1118.09533333 12
808 1055.556 8
809 978.64575 8
810 1243.7892 5
811 1673.79854545 11
812 1775.9248 10
813 1700.586 9
814 1104.89942857 7
815 1154.83363636 11
816 763.706 10
817 1148.3268 10
818 1342.69309091 11
819 1129.92306667 15
820 1240.9925 8
821 839.8808 10
822 1513.91085714 7
823 1106.85875 8
824 971.752666667 6
825 1155.1706 10
826 1126.7025 12
827 1075.67022222 9
828 1650.84 9
829 1092.227 10
830 1236.72314286 14
831 1284.10983333 12
832 1286.393 6
833 1100.38175 8
834 1326.78733333 12
835 1328.23252632 19
836 879.923428571 7
837 841.0368 10
838 1274.0578 10
839 1497.5476 5
840 1387.39066667 9
841 1240.194 9
842 1036.5886 10
843 818.592166667 12
844 1180.627875 16
845 1117.04466667 6
846 814.851846154 13
847 1158.21222222 9
848 1161.7682 10
849 1318.59885714 7
850 1237.44622222 9
851 1678.481 8
852 750.5 9
853 1694.19654545 11
854 1384.35285714 7
855 1975.33714286 7
856 1648.05844444 9
857 1379.1186 10
858 1093.3798 10
859 1140.36844444 9
860 1118.78472727 11
861 1013.99 6
862 1126.20581818 11
863 1158.33636364 11
864 810.482833333 12
865 847.456363636 11
866 1193.148 15
867 905.226444444 9
868 950.923384615 13
869 975.1372 15
870 1310.62557143 14
871 1051.28066667 9
872 1861.66977778 9
873 826.9464 5
874 1336.4792 10
875 1055.09983333 12
876 990.093230769 13
877 1306.5032 10
878 1123.754 14
879 1023.302 8
880 1080.98542857 7
881 1951.79733333 9
882 1360.21357143 14
883 1187.83569231 13
884 1512.21666667 3
885 1099.546 8
886 1322.18383333 12
887 1203.2216 5
888 992.412 11
889 1017.55083333 12
890 1026.58454545 11
891 1110.97311111 9
892 1051.35333333 15
893 965.1255 8
894 708.497333333 6
895 1388.9765 12
896 806.360285714 7
897 981.7522 10
898 1014.624 9
899 966.721 10
900 1148.22542857 7
901 794.874142857 14
902 1323.60569231 13
903 995.972285714 7
904 1168.1922 10
905 1177.18511111 9
906 777.963142857 7
907 1313.09475 8
908 1062.6655 8
909 892.111333333 18
910 841.694 6
911 1086.48142857 7
912 1124.15890909 11
913 936.9156 10
914 956.889166667 12
915 1006.92933333 12
916 1354.54114286 7
917 1286.75644444 9
918 1068.65555556 9
919 1236.2624 10
920 1179.76076923 13
921 1064.02472727 11
922 1061.27075 8
923 935.040727273 11
924 950.637714286 7
925 1084.9635 12
926 975.419333333 9
927 978.6096 10
928 1716.0842 10
929 1280.07545455 11
930 1209.4802 10
931 1174.5824 10
932 1168.69071429 14
933 985.012571429 7
934 884.9442 10
935 1144.05309091 11
936 1461.259875 16
937 737.495142857 7
938 994.675777778 9
939 995.275066667 15
940 1165.4752 10
941 1141.037 10
942 1084.83133333 6
943 800.6632 5
944 777.942 8
945 1493.82066667 6
946 775.21 3
947 1038.77654545 11
948 890.1092 10
949 1057.9165 8
950 992.754222222 9
951 716.038888889 9
952 908.362285714 7
953 1116.70825 8
954 1224.24093333 15
955 1129.77717647 17
956 1132.71533333 12
957 1857.31533333 6
958 1594.4324 15
959 1549.18925 8
960 1127.74430769 13
961 1220.082 10
962 1065.61945455 11
963 1262.11633333 6
964 798.4664 10
965 1166.41309091 11
966 962.882153846 13
967 1009.88381818 11
968 1080.60311111 9
969 1048.35266667 12
970 1002.35018182 11
971 964.9704 10
972 995.873384615 13
973 1123.96325 8
974 975.731 8
975 983.076 18
976 1175.6415 8
977 1060.8992 5
978 979.07375 8
979 1263.77309091 11
980 1339.72266667 9
981 1146.09176471 17
982 1544.11927273 11
983 1121.2615 12
984 1383.42025 8
985 1566.2946 10
986 920.744363636 11
987 1241.01653333 15
988 1020.30538462 13
989 910.991142857 7
990 915.327428571 7
991 992.304545455 11
992 1457.444 5
993 895.1156 5
994 1064.189 10
995 1326.42225 8
996 1351.13733333 12
997 794.398 9
998 1273.77666667 12
999 1066.56563636 11
1000 1123.07825 8
1001 1309.48375 8
1002 912.705714286 7
1003 1123.24775 8
1004 961.534285714 7
1005 982.582285714 14
1006 888.39025 8
1007 1276.37088889 18
1008 1221.73628571 14
1009 816.182941176 17
1010 1056.968 14
1011 658.95825 8
1012 1467.662 9
1013 1181.79966667 6
1014 1160.34283333 12
1015 1171.307 6
1016 751.736 12
1017 1566.15381818 11
1018 1120.62966667 6
1019 1287.18490909 11
1020 1148.49114286 7
1021 805.5292 5
1022 1213.42133333 9
1023 1514.18523077 13
1024 700.074 2
1025 876.114222222 9
1026 1284.90981818 11
1027 1208.33577778 9
1028 1095.6486 10
1029 693.3965 4
1030 721.826 8
1031 976.082 9
1032 1154.19076923 13
1033 1227.27933333 9
1034 929.452181818 11
1035 1177.25966667 12
1036 1362.70254545 11
1037 1228.15 18
1038 1502.41022222 9
1039 1131.79057143 14
1040 1207.332 15
1041 1261.65046154 13
1042 743.541571429 14
1043 916.998666667 9
1044 1120.945 10
1045 1049.16058824 17
1046 991.686181818 11
1047 1272.04155556 9
1048 908.729818182 11
1049 1291.955 4
1050 1084.97716667 12
1051 1764.54454545 11
1052 1329.15466667 9
1053 833.1855 4
1054 1195.554 6
1055 1180.55625 8
1056 1470.65490909 11
1057 1054.638 13
1058 1266.99107692 13
1059 792.910333333 12
1060 1025.55022222 9
1061 1462.5825 12
1062 891.985777778 9
1063 2348.107 6
1064 972.101272727 11
1065 828.860545455 11
1066 1909.2075 4
1067 1010.876 7
1068 1559.21436364 11
1069 943.73275 8
1070 899.5054 10
1071 1479.96755556 9
1072 1460.21116667 12
1073 1070.921 14
1074 923.201384615 13
1075 669.174 4
1076 1142.19816667 12
1077 974.144461538 13
1078 1381.03071429 14
1079 1182.482 10
1080 968.656444444 9
1081 712.855 4
1082 1037.0118 10
1083 923.5886 10
1084 975.9136 10
1085 889.1075 8
1086 1362.0356 10
1087 1093.26333333 9
1088 853.1395 4
1089 853.981777778 9
1090 1087.2488 15
1091 754.8036 10
1092 1040.1492 10
1093 1269.75216667 12
1094 1037.82642857 14
1095 984.297333333 9
1096 1194.22 10
1097 936.71725 16
1098 890.259333333 6
1099 1005.21636364 11
1100 877.063818182 11
1101 848.1625 8
1102 1330.60757143 14
1103 967.113 10
1104 1248.5474 10
1105 815.696533333 15
1106 1012.83325 8
1107 968.873 10
1108 914.958333333 6
1109 688.769428571 7
1110 1372.43058824 17
1111 883.9152 10
1112 967.936428571 14
1113 1551.93466667 9
1114 1451.0196 10
1115 998.064428571 14
1116 848.026285714 7
1117 796.616857143 7
1118 1244.01618182 11
1119 978.559 6
1120 1454.1955 8
1121 1053.41246154 13
1122 1111.0464 5
1123 1096.088 12
1124 1404.6856 5
1125 1035.17928571 14
1126 997.695 12
1127 1002.71233333 12
1128 1053.58825 16
1129 1828.2385 4
1130 1039.71945455 11
1131 2063.22866667 6
1132 1750.4444 5
1133 1194.81866667 9
1134 937.748666667 15
1135 931.6988 15
1136 844.291428571 7
1137 1542.436 7
1138 964.6398 10
1139 1464.4316 10
1140 894.679111111 9
1141 730.356857143 7
1142 1127.3686 10
1143 884.491142857 14
1144 2054.79033333 6
1145 925.448333333 6
1146 1309.291 10
1147 872.098285714 7
1148 1189.70254545 11
1149 1133.0162 10
1150 1226.79854545 11
1151 1170.63628571 7
1152 851.876111111 18
1153 1112.69914286 14
1154 1017.05966667 12
1155 1056.17125 8
1156 929.955571429 14
1157 1062.185 6
1158 2023.48714286 7
1159 1063.33917647 17
1160 1595.58 16
1161 982.64125 8
1162 1230.70830769 13
1163 642.952444444 9
1164 923.288142857 14
1165 1091.76709091 11
1166 1170.51109091 11
1167 1466.8788 10
1168 741.856 7
1169 1229.20383333 12
1170 956.940285714 7
1171 1376.23285714 7
1172 1334.15418182 11
1173 977.830166667 12
1174 1258.53261538 13
1175 851.8688 5
1176 1220.622 5
1177 1128.2212 15
1178 756.221333333 9
1179 1099.792 9
1180 1250.45083333 12
1181 1184.144 8
1182 1061.17461538 13
1183 1082.52876923 13
1184 873.801111111 9
1185 867.239777778 9
1186 1463.374 4
1187 707.569636364 11
1188 1297.26542857 14
1189 1023.476 8
1190 1418.08911111 9
1191 872.278 4
1192 1131.69933333 6
1193 876.195666667 12
1194 1257.769 8
1195 1705.5048 10
1196 1422.95054545 11
1197 1427.12092308 13
1198 1200.80218182 11
1199 887.07 8
1200 1314.77075 8
1201 980.39775 8
1202 1181.12046154 13
1203 1274.18733333 9
1204 1161.25413333 15
1205 977.939428571 7
1206 1188.14254545 11
1207 1113.5766 10
1208 955.65 7
1209 1663.49355556 9
1210 1132.70266667 12
1211 811.387 10
1212 1133.2505 12
1213 1051.37833333 6
1214 843.9295 8
1215 1228.25042857 14
1216 718.37375 8
1217 743.569866667 15
1218 1154.10557143 14
1219 508.0955 4
1220 671.973818182 11
1221 1078.51054545 11
1222 815.706 7
1223 912.442444444 9
1224 1089.27846154 13
1225 1183.43822222 9
1226 948.665666667 6
1227 1134.01422222 9
1228 1369.01142857 7
1229 1220.93685714 7
1230 913.04 7
1231 1172.69345455 11
1232 931.152571429 14
1233 840.036 10
1234 1343.0645 8
1235 958.2892 10
1236 1095.5415 8
1237 1126.29933333 9
1238 1281.35384615 13
1239 1278.1054 10
1240 1041.89266667 9
1241 1217.373 8
1242 1154.4074 10
1243 992.270909091 11
1244 1100.65066667 9
1245 1470.11833333 12
1246 898.223666667 12
1247 1358.021 12
1248 981.384571429 7
1249 1151.80246154 13
1250 1276.0614 10
1251 1760.2238 10
1252 1286.987 4
1253 1300.54844444 9
1254 1188.26866667 15
1255 1050.61454545 11
1256 542.846 3
1257 1140.34953846 13
1258 1111.92853333 15
1259 1025.18533333 9
1260 1146.11977778 9
1261 560.697333333 9
1262 1168.01866667 6
1263 982.268 12
1264 1002.99266667 9
1265 1494.229 10
1266 1160.2244 5
1267 1240.918 13
1268 1124.29457143 7
1269 1064.27366667 12
1270 1625.16622222 9
1271 1370.53377778 9
1272 1397.40911111 9
1273 1118.54563636 11
1274 1115.47088889 9
1275 1127.27927273 11
1276 1003.21457143 7
1277 1334.277 10
1278 912.576888889 9
1279 1170.1144 15
1280 616.9844 5
1281 1321.60875 8
1282 1943.729 4
1283 1022.585 12
1284 781.87225 8
1285 1224.297375 16
1286 677.569666667 6
1287 1321.82842857 14
1288 1294.762 9
1289 1165.228 16
1290 749.01 7
1291 1117.59336842 19
1292 1371.00625 8
1293 1241.34275 8
1294 1010.3704 5
1295 990.150714286 14
1296 832.042 9
1297 826.860666667 9
1298 900.224 6
1299 756.032888889 9
1300 1084.1296 10
1301 919.89925 8
1302 1430.76 9
1303 1307.7955 12
1304 1296.84333333 9
1305 1095.8315 8
1306 1448.99571429 14
1307 1157.4316 10
1308 1143.27076923 13
1309 1007.9492 10
1310 1052.968 9
1311 713.6365 4
1312 1171.13022222 9
1313 1184.901 12
1314 1459.70885714 14
1315 1119.83671429 14
1316 1149.00242857 14
1317 1214.19675 8
1318 1282.641 10
1319 996.6795 8
1320 1032.83433333 6
1321 1136.68766667 12
1322 1091.898 12
1323 720.8696 10
1324 1426.1786 10
1325 1636.164 6
1326 884.231090909 11
1327 1276.38066667 9
1328 1419.512 7
1329 1024.16490909 11
1330 1116.41306667 15
1331 1090.93 10
1332 933.153777778 9
1333 1349.5878 10
1334 977.6312 5
1335 1564.59416667 12
1336 1201.288 13
1337 1058.77133333 6
1338 1065.34511111 9
1339 1088.67688889 9
1340 778.035 6
1341 958.486428571 14
1342 1375.56175 8
1343 1394.84 6
1344 867.1628 10
1345 872.928727273 11
1346 904.87825 8
1347 1497.55163636 11
1348 957.6784 10
1349 1171.04813333 15
1350 1216.183625 16
1351 1077.0105 4
1352 846.9685 12
1353 969.520615385 13
1354 1569.07670588 17
1355 1093.09433333 12
1356 905.966307692 13
1357 1229.24709091 11
1358 1386.91741176 17
1359 1426.36711111 9
1360 1427.13666667 6
1361 838.1315 12
1362 1223.83571429 14
1363 1039.6655 12
1364 953.619125 16
1365 1429.36666667 12
1366 1014.78266667 3
1367 1187.32818182 11
1368 1333.145375 16
1369 1320.03314286 7
1370 784.64625 8
1371 1412.64290909 11
1372 1357.38155556 9
1373 1006.82714286 14
1374 933.867538462 13
1375 1373.204 5
1376 1112.1608 5
1377 641.969333333 9
1378 1152.19707692 13
1379 784.0788 10
1380 645.310833333 12
1381 1143.492875 16
1382 746.11425 8
1383 1292.8576 15
1384 1090.21781818 11
1385 864.343555556 9
1386 1037.3392 10
1387 731.20675 8
1388 672.276 3
1389 733.848444444 9
1390 938.594769231 13
1391 1118.77883333 12
1392 1531.518 12
1393 1223.85275 8
1394 864.326222222 9
1395 1461.65466667 12
1396 1034.44953846 13
1397 1162.7902 10
1398 863.714888889 9
1399 1297.86472727 11
1400 1362.08492308 13
1401 1173.06428571 7
1402 1149.152 12
1403 708.118666667 6
1404 884.112 11
1405 1265.18384615 13
1406 909.850666667 9
1407 969.02275 8
1408 1150.3346 10
1409 1255.78955556 9
1410 1051.46033333 12
1411 882.245 8
1412 943.924923077 13
1413 1223.00314286 7
1414 1139.99233333 6
1415 964.082444444 9
1416 848.953 6
1417 1001.37945455 11
1418 1263.1894 10
1419 1205.3628 10
1420 644.6208 10
1421 849.132 2
1422 810.371454545 11
1423 930.6372 10
1424 1059.91347368 19
1425 1040.9915 4
1426 1431.654 16
1427 1094.6038 10
1428 1039.9178 10
1429 946.57825 16
1430 883.400545455 11
1431 1368.53444444 9
1432 1107.4482 10
1433 985.559818182 11
1434 856.36125 8
1435 1319.9724 15
1436 933.763 6
1437 1211.96233333 12
1438 1326.83581818 11
1439 1211.27114286 7
1440 984.0702 10
1441 1054.75973333 15
1442 1034.6172 10
1443 930.052 13
1444 1111.03783333 12
1445 1084.88575 8
1446 1281.2068 10
1447 802.206222222 9
1448 1507.79266667 6
1449 983.68275 8
1450 956.870333333 12
1451 1264.61026667 15
1452 809.571111111 9
1453 1352.30511111 9
1454 814.427777778 9
1455 800.080333333 6
1456 1078.816 5
1457 850.21975 8
1458 815.223230769 13
1459 1130.77 10
1460 1338.542 7
1461 1274.68453333 15
1462 1063.90169231 13
1463 1100.7014 10
1464 1065.61842857 14
1465 1318.23781818 11
1466 897.5152 10
1467 986.6454 10
1468 1216.76516667 12
1469 892.693473684 19
1470 1237.961 12
1471 1310.77771429 7
1472 901.681714286 7
1473 1795.278 7
1474 995.352 9
1475 914.289454545 11
1476 1119.8436 5
1477 925.1724 10
1478 748.534666667 6
1479 1526.81911111 9
1480 933.3158 10
1481 1110.53577778 9
1482 982.992923077 13
1483 1100.05011765 17
1484 1078.5125 12
1485 1075.8048 10
1486 1175.18472727 11
1487 1041.7106 10
1488 1207.39775 8
1489 1261.248 17
1490 1313.15833333 18
1491 974.518333333 12
1492 1598.91261538 13
1493 867.1572 5
1494 954.5212 5
1495 1237.53114286 7
1496 1067.8495 4
1497 1468.47955556 9
1498 947.8904 10
1499 2070.08688889 9
1500 1117.59022222 9
1501 1159.484 18
1502 1303.73071429 14
1503 1966.52 10
1504 1409.3505 12
1505 689.0876 5
1506 1323.40514286 14
1507 1091.01509091 11
1508 1490.1886 10
1509 838.485 8
1510 944.4695 8
1511 871.37225 16
1512 869.842153846 13
1513 940.339666667 6
1514 1437.867 14
1515 979.6775 8
1516 676.14725 8
1517 918.574941176 17
1518 1059.2514 10
1519 1075.67666667 18
1520 834.302285714 7
1521 1021.58716667 12
1522 884.196 12
1523 1149.87327273 11
1524 1097.945 12
1525 1048.9055 12
1526 944.759272727 11
1527 1207.21381818 11
1528 1016.37914286 7
1529 1061.19254545 11
1530 1477.448 10
1531 1135.372625 16
1532 975.348 12
1533 1076.59714286 7
1534 977.965 10
1535 693.976666667 6
1536 1098.44727273 11
1537 862.230125 16
1538 830.2975 12
1539 972.840285714 14
1540 1318.96666667 3
1541 1128.41733333 9
1542 1433.24057143 7
1543 1189.2264 10
1544 1544.916 4
1545 1170.2985 8
1546 1192.33825 8
1547 781.923636364 11
1548 945.175555556 9
1549 1383.33028571 7
1550 947.707142857 7
1551 1277.91018182 11
1552 1180.1412 5
1553 1196.68485714 7
1554 1075.978 12
1555 877.5886 10
1556 1490.75825 16
1557 1282.248 3
1558 1164.42711111 9
1559 902.694 10
1560 734.7576 5
1561 1022.62725 8
1562 1011.1398 10
1563 1164.948 5
1564 1166.014 14
1565 1215.6946 10
1566 707.823333333 12
1567 1542.98163636 11
1568 1432.39155556 9
1569 751.6066 10
1570 939.5752 5
1571 1167.67716667 12
1572 1132.1744 10
1573 912.878909091 11
1574 1207.098 7
1575 1283.02215385 13
1576 1337.26511111 9
1577 1363.67044444 9
1578 1131.9455 4
1579 696.9295 8
1580 1316.68942857 7
1581 1254.45042857 14
1582 1640.68683333 12
1583 1305.39618182 11
1584 1593.6905 12
1585 1418.38353846 13
1586 1478.832 7
1587 1112.20415385 13
1588 1018.12127273 11
1589 1213.2826 10
1590 1115.27533333 6
1591 1419.1402 10
1592 826.847111111 9
1593 1094.02483333 12
1594 1467.69909091 11
1595 1493.779 6
1596 1425.40057143 14
1597 1009.124 5
1598 858.1645 12
1599 1330.64616667 12
1600 1161.78175 16
1601 1123.89214286 14
1602 1275.29211765 17
1603 1167.687 8
1604 2251.80433333 6
1605 975.328222222 18
1606 923.521384615 13
1607 1103.8348 10
1608 1092.281 8
1609 1316.39533333 9
1610 793.993333333 6
1611 1434.3628 10
1612 1189.7032 10
1613 1189.89914286 7
1614 1022.41822222 9
1615 998.148 8
1616 1443.768 7
1617 3063.384 2
1618 1797.71511111 9
1619 1163.212 6
1620 1350.479 10
1621 1123.40666667 9
1622 819.554444444 9
1623 1062.53933333 9
1624 1397.52433333 6
1625 1154.54990476 21
1626 1050.01844444 9
1627 1007.404 9
1628 1241.47169231 13
1629 1229.54215385 13
1630 963.033285714 14
1631 579.841666667 6
1632 1401.45016667 12
1633 1015.283 8
1634 1157.31666667 6
1635 1191.127 6
1636 969.42075 8
1637 1381.26633333 6
1638 1127.35784615 13
1639 1174.8564 10
1640 1313.4734 10
1641 1212.83984615 13
1642 1690.3768 15
1643 1091.67157143 14
1644 1094.82872727 11
1645 822.3895 8
1646 1457.10633333 6
1647 1333.98844444 9
1648 1515.55742857 14
1649 1279.902 8
1650 1080.67325 8
1651 1192.15 7
1652 1083.7075 8
1653 1118.5505 8
1654 1203.18725 8
1655 1396.515 8
1656 1684.444 9
1657 1528.42111111 9
1658 926.6246 10
1659 1033.26333333 12
1660 666.259 6
1661 923.138 6
1662 1107.47436364 11
1663 1146.8488 15
1664 1279.23283333 12
1665 1082.02181818 11
1666 1411.6 9
1667 959.477090909 11
1668 1294.57413333 15
1669 1551.21657143 7
1670 1117.61618182 11
1671 644.609333333 6
1672 950.069176471 17
1673 1021.336 10
1674 2102.0968 5
1675 1013.7332 10
1676 1356.59942857 7
1677 1284.40333333 6
1678 1288.1796 10
1679 1335.45114286 7
1680 1376.0116 5
1681 867.896461538 13
1682 725.519714286 7
1683 911.690333333 6
1684 1163.53872727 11
1685 1314.84271429 14
1686 1189.47752941 17
1687 752.079166667 12
1688 1105.94171429 14
1689 1285.0322 10
1690 1831.075 4
1691 1350.02885714 7
1692 963.9302 10
1693 1289.73325 8
1694 1256.71766667 6
1695 1614.1612 10
1696 959.437222222 18
1697 832.952 8
1698 1155.10733333 12
1699 1045.687 10
1700 1470.78966667 6
1701 847.958923077 13
1702 1018.08066667 6
1703 997.368833333 12
1704 1048.763 12
1705 913.358727273 11
1706 1560.95184615 13
1707 1203.62294118 17
1708 1447.16371429 7
1709 1016.88775 16
1710 1281.8045 8
1711 1250.07875 8
1712 1164.42345455 11
1713 789.527777778 9
1714 1591.105 6
1715 1043.6995 4
1716 1111.46781818 11
1717 1129.13833333 6
1718 1517.88175 8
1719 1621.40514286 7
1720 1062.90771429 7
1721 1379.0544 5
1722 1241.708125 16
1723 1242.3072 10
1724 1150.9745 16
1725 834.909538462 13
1726 1070.73283333 12
1727 1006.26538462 13
1728 1240.653 6
1729 1522.14888889 9
1730 984.684333333 12
1731 1290.98875 8
1732 1002.881 4
1733 806.649333333 12
1734 849.8518 10
1735 977.019666667 6
1736 969.58125 8
1737 1011.4212 10
1738 889.963272727 11
1739 1030.77583333 12
1740 1568.1824 10
1741 1223.33457143 7
1742 971.113666667 6
1743 887.6415 12
1744 1035.14 7
1745 1159.42036364 11
1746 678.1532 5
1747 1258.50938462 13
1748 1127.01285714 7
1749 1287.85342857 7
1750 1051.85076923 13
1751 1134.6376 10
1752 1148.638 15
1753 1070.36828571 14
1754 926.015777778 9
1755 988.28 7
1756 1059.05871429 14
1757 1263.96266667 9
1758 1117.0675 8
1759 1676.49923077 13
1760 1696.807 10
1761 877.6856 10
1762 1055.404 8
1763 1272.26688889 9
1764 1028.7824 15
1765 1103.66471429 14
1766 896.7225 8
1767 915.052666667 9
1768 804.741 2
1769 1259.67 7
1770 1186.61436364 11
1771 1323.09666667 9
1772 817.9925 4
1773 1247.25928571 14
1774 846.784 5
1775 987.766 5
1776 963.27575 8
1777 1022.31444444 9
1778 845.8135 8
1779 931.010909091 11
1780 1210.88941176 17
1781 1414.03706667 15
1782 1120.112 10
1783 1064.74322222 18
1784 1192.37923077 13
1785 1633.13866667 9
1786 1132.43125 8
1787 1085.57383333 12
1788 1018.71844444 9
1789 1540.8945 8
1790 1282.2932 5
1791 1449.93166667 6
1792 1030.57061538 13
1793 1097.33714286 7
1794 727.736222222 9
1795 884.740333333 12
1796 1213.13 9
1797 1240.1905 8
1798 1245.0308 10
1799 1194.25613333 15
1800 1008.59618182 11
1801 1349.86925 8
1802 1003.73218182 11
1803 1081.46566667 12
1804 973.369384615 13
1805 776.403818182 11
1806 1767.90457143 7
1807 1202.83685714 14
1808 1055.59127273 11
1809 882.467 10
1810 931.519230769 13
1811 1292.8315 8
1812 1309.9776 10
1813 967.051375 16
1814 1906.08428571 7
1815 1046.588 14
1816 815.668823529 17
1817 886.6506 10
1818 874.2002 10
1819 1278.6315 8
1820 1005.7635 8
1821 1049.99018182 11
1822 1098.31133333 9
1823 1348.88114286 14
1824 908.437571429 14
1825 961.96 13
1826 961.748923077 13
1827 868.24075 8
1828 913.655538462 13
1829 991.551857143 14
1830 1034.32 11
1831 728.097666667 6
1832 870.4045 12
1833 1224.08975 8
1834 1306.75466667 9
1835 833.487636364 11
1836 1207.4614 10
1837 1242.5502 10
1838 1083.372 16
1839 939.117142857 7
1840 866.8734 10
1841 1174.28266667 3
1842 1024.32061538 13
1843 1349.179 10
1844 1014.00454545 11
1845 940.19 5
1846 1258.3968 10
1847 1273.15 7
1848 769.474 14
1849 652.139333333 6
1850 1087.93914286 7
1851 1399.09525 8
1852 1270.66733333 12
1853 1635.4872 5
1854 1369.79022222 9
1855 1052.406 8
1856 1380.08666667 9
1857 959.4772 15
1858 1008.36545455 11
1859 1032.437 14
1860 1262.03288889 9
1861 949.187 10
1862 1058.392 10
1863 1040.01116667 12
1864 1513.1758 10
1865 1366.877 6
1866 681.769 10
1867 940.615428571 7
1868 1512.6958 10
1869 1230.37116667 12
1870 949.058923077 13
1871 647.34575 8
1872 1419.1898 10
1873 844.534666667 9
1874 1256.23933333 6
1875 1071.25833333 12
1876 1430.80888889 9
1877 804.341 6
1878 1159.542 13
1879 931.333076923 13
1880 1158.77507692 13
1881 1208.454 6
1882 1094.49428571 7
1883 1168.00566667 6
1884 1038.02033333 12
1885 882.645714286 14
1886 1719.05914286 14
1887 1371.64 7
1888 1079.32222222 9
1889 1899.31666667 12
1890 974.276533333 15
1891 1164.2064 10
1892 1376.06942857 7
1893 1051.88290909 11
1894 1184.58166667 6
1895 1080.35266667 12
1896 1181.4938 10
1897 994.805333333 9
1898 1312.45228571 14
1899 967.437076923 13
1900 1022.88266667 12
1901 1201.18771429 7
1902 1100.20857143 7
1903 2024.702 8
1904 1212.89072727 11
1905 1241.7172 15
1906 1532.526 11
1907 1354.376 11
1908 1190.11363636 11
1909 1050.6104 10
1910 1025.74225 8
1911 1230.8812 15
1912 1534.34857143 7
1913 1184.04276923 13
1914 1242.146 13
1915 962.547833333 12
1916 865.919466667 15
1917 1128.621 10
1918 1360.25033333 6
1919 1380.02311111 9
1920 946.647333333 9
1921 947.3485 8
1922 1120.4676 10
1923 1236.938 14
1924 1233.758 9
1925 1215.87446154 13
1926 1225.7552 5
1927 1477.35242857 14
1928 1076.73783333 12
1929 1275.51425 8
1930 981.746 8
1931 1082.476 8
1932 862.249454545 11
1933 1175.39666667 9
1934 1002.96447059 17
1935 941.9878 10
1936 1377.18466667 6
1937 1589.159 12
1938 1030.98625 8
1939 1068.6245 4
1940 1275.15323077 13
1941 1298.55485714 14
1942 1574.61166667 6
1943 1480.64822222 9
1944 1346.11218182 11
1945 1101.95714286 14
1946 1224.87031579 19
1947 1019.6216 15
1948 1129.1152 15
1949 1258.12285714 14
1950 1152.18490909 11
1951 1026.02525 8
1952 814.190363636 11
1953 1443.89114286 7
1954 1478.41883333 12
1955 1089.07383333 12
1956 1105.268 9
1957 870.78 7
1958 1067.4475 12
1959 1298.90644444 9
1960 1125.88555556 9
1961 1044.83630769 13
1962 1090.86171429 14
1963 1185.214 6
1964 948.327142857 14
1965 868.35 9
1966 829.768 6
1967 987.656153846 13
1968 978.875454545 11
1969 1094.12383333 12
1970 1214.02333333 9
1971 962.5735 8
1972 975.362 8
1973 1313.10454545 11
1974 1249.12783333 12
1975 913.1052 10
1976 1438.05766667 6
1977 849.108285714 7
1978 1066.93853333 15
1979 1349.32871429 14
1980 1226.1405 12
1981 885.6795 8
1982 1216.58066667 6
1983 1030.89630769 13
1984 1617.89933333 9
1985 900.052363636 11
1986 1065.01375 8
1987 940.909636364 11
1988 1080.30866667 12
1989 1021.67254545 11
1990 1631.29914286 7
1991 1245.8595 12
1992 1188.56 8
1993 933.5456 10
1994 1309.58963636 11
1995 898.8855 12
1996 734.812666667 6
1997 918.213333333 9
1998 1335.1045 8
1999 968.571111111 9
2000 1016.17425 8
2001 933.325333333 9
2002 1003.46653333 15
2003 1295.338625 16
2004 1186.21364706 17
2005 1147.49181818 11
2006 1740.958 4
2007 861.873333333 12
2008 1009.6826 10
2009 1652.9786 10
2010 1589.882 3
2011 1118.88690909 11
2012 1688.016 4
2013 983.164125 16
2014 837.06725 8
2015 1443.3694 10
2016 1060.93571429 14
2017 850.910285714 7
2018 1117.458 9
2019 1084.3518 10
2020 992.59 12
2021 1445.04563636 11
2022 821.75125 8
2023 969.8232 5
2024 790.3746 10
2025 801.528545455 11
2026 895.5528 15
2027 787.837076923 13
2028 1197.74666667 12
2029 779.978 5
2030 1372.55625 8
2031 1432.20418182 11
2032 1176.90355556 9
2033 1511.42975 8
2034 1095.84327273 11
2035 1464.89283333 12
2036 1626.03293333 15
2037 657.93 2
2038 1088.24885714 7
2039 1011.30675 8
2040 997.519714286 7
2041 1669.97111111 9
2042 1191.68771429 14
2043 706.662285714 7
2044 770.639142857 14
2045 1040.14745455 11
2046 1143.86025 8
2047 1124.0284 15
2048 1824.71971429 7
2049 1085.60275 8
2050 1391.712 16
2051 1598.1278 10
2052 842.359555556 9
2053 842.342 7
2054 1422.60466667 9
2055 1348.56233333 12
2056 856.303 12
2057 1297.934 6
2058 1035.70066667 6
2059 1771.56033333 6
2060 920.277818182 11
2061 835.3752 10
2062 979.642888889 9
2063 1153.94111111 9
2064 1088.05615385 13
2065 885.7468 10
2066 864.446461538 13
2067 1535.227 6
2068 1066.00411111 18
2069 1285.66733333 9
2070 1233.18566667 12
2071 909.1424 10
2072 1018.3642 10
2073 1121.254 9
2074 612.182 6
2075 1240.51657143 14
2076 963.61275 8
2077 798.652 10
2078 1049.362 7
2079 906.856545455 11
2080 1033.2948 5
2081 1318.97428571 7
2082 1036.858 12
2083 1044.42025 8
2084 856.156769231 13
2085 978.6928 5
2086 1196.3904 5
2087 1985.3165 8
2088 1365.756 6
2089 1186.96384615 13
2090 954.3832 10
2091 1274.86711111 9
2092 1181.98466667 9
2093 910.9085 8
2094 935.154444444 18
2095 921.642444444 9
2096 899.885555556 9
2097 862.836727273 11
2098 1075.37511111 9
2099 974.548444444 9
2100 1358.86428571 7
2101 1010.27175 8
2102 1112.4832 5
2103 1438.3615 16
2104 1537.62177778 9
2105 1286.62466667 6
2106 1287.1205 8
2107 1208.81133333 6
2108 740.7064 10
2109 1144.82423529 17
2110 1121.972 8
2111 1189.17457143 14
2112 1177.92183333 12
2113 1176.352 19
2114 1623.63133333 12
2115 1036.84155556 9
2116 670.3185 8
2117 1047.97213333 15
2118 1315.12057143 7
2119 1370.872 9
2120 970.330769231 13
2121 1041.35042857 14
2122 830.3902 10
2123 950.030181818 11
2124 1268.18422222 9
2125 917.694727273 11
2126 1234.8314 10
2127 1348.731 6
2128 1173.43 9
2129 1014.2918 10
2130 1108.72733333 12
2131 1296.394 2
2132 1481.42622222 9
2133 1177.48685714 7
2134 998.264714286 14
2135 1482.5318 10
2136 1688.08066667 9
2137 1169.23266667 12
2138 1230.70666667 9
2139 815.721 10
2140 1080.41327273 11
2141 1005.536 9
2142 1149.13375 8
2143 903.788888889 9
2144 1097.136 16
2145 915.6955 8
2146 1138.69733333 3
2147 980.203428571 7
2148 1168.17888889 9
2149 1128.52633333 6
2150 1201.3908 10
2151 936.496571429 7
2152 1200.62418182 11
2153 1520.53022222 9
2154 991.368 11
2155 929.539555556 9
2156 1360.99635294 17
2157 1603.93490909 11
2158 735.989428571 7
2159 1030.54857143 7
2160 1075.23766667 6
2161 844.22025 8
2162 1116.1127619 21
2163 701.270857143 14
2164 1162.41230769 13
2165 1534.996 5
2166 1347.92488889 9
2167 1008.55125 8
2168 1158.65828571 7
2169 1397.5456 5
2170 662.716333333 6
2171 1313.20293333 15
2172 1526.88323077 13
2173 1151.43253333 15
2174 887.149818182 11
2175 1151.19933333 9
2176 1593.85345455 11
2177 1417.812 6
2178 732.340285714 7
2179 1007.87777778 9
2180 801.0348 10
2181 1347.22046154 13
2182 1245.183 8
2183 1232.604 12
2184 1791.95625 8
2185 1354.14044444 9
2186 921.0896 5
2187 1452.8308 5
2188 1227.06507692 13
2189 1426.1 10
2190 1156.464 12
2191 1444.47126316 19
2192 1780.10072727 11
2193 1493.00858824 17
2194 978.549454545 11
2195 710.102444444 9
2196 1468.7275 12
2197 1190.95163636 11
2198 1378.9022 10
2199 1133.5598 10
2200 1109.0852 10
2201 1601.05844444 9
2202 1016.68142857 7
2203 1286.51755556 9
2204 982.090615385 13
2205 902.3806 10
2206 728.585636364 11
2207 1237.5745 8
2208 1106.16785714 14
2209 1314.98945455 11
2210 1191.77825 8
2211 1338.712 14
2212 932.97675 8
2213 941.044 10
2214 1005.73685714 7
2215 1219.87875 8
2216 1103.596 12
2217 763.6324 5
2218 1113.7284 5
2219 980.63375 16
2220 1393.83433333 6
2221 1181.18057143 7
2222 1053.0212 10
2223 1298.56733333 6
2224 923.729777778 9
2225 1215.7848 10
2226 860.628 7
2227 1098.8864 15
2228 514.417777778 9
2229 1248.8212 10
2230 1408.48866667 9
2231 864.138 9
2232 1251.596875 16
2233 1217.058 16
2234 1286.785 12
2235 1371.724 7
2236 1341.77075 8
2237 732.676285714 7
2238 923.825090909 11
2239 982.504 7
2240 1036.2412 15
2241 1013.7592 10
2242 1733.935 6
2243 1097.108 13
2244 1066.635 4
2245 1079.029 12
2246 1383.35333333 6
2247 816.603 10
2248 910.324888889 9
2249 1304.916 18
2250 853.489714286 7
2251 1006.95266667 9
2252 1007.574875 16
2253 1223.68490909 11
2254 1133.38 10
2255 1591.73971429 14
2256 912.460615385 13
2257 1287.108 17
2258 1007.306 4
2259 900.245428571 7
2260 1383.89236364 11
2261 893.020444444 9
2262 872.923714286 7
2263 1089.4336 10
2264 808.571846154 13
2265 884.672285714 14
2266 1265.87171429 7
2267 928.711818182 11
2268 907.732666667 15
2269 1044.038 10
2270 1168.96653333 15
2271 1041.77333333 6
2272 1020.01138462 13
2273 1274.87175 8
2274 1457.0576 5
2275 1125.98415385 13
2276 1161.832 6
2277 1204.47342857 7
2278 1458.04975 8
2279 863.1575 8
2280 1175.682375 16
2281 1088.4845 12
2282 1009.64225 8
2283 929.675 8
2284 1030.61266667 12
2285 1110.80426667 15
2286 753.435333333 9
2287 1099.06906667 15
2288 802.977090909 11
2289 962.776615385 13
2290 1065.58454545 11
2291 991.934 7
2292 963.254222222 9
2293 1243.33342857 7
2294 1136.8604 15
2295 709.907 6
2296 1199.27911111 9
2297 1103.17763636 11
2298 1374.84563636 11
2299 1258.1198 10
2300 827.5394 10
2301 1466.30309091 11
2302 899.741454545 11
2303 1249.70288889 9
2304 1158.7025 8
2305 838.1088 10
2306 694.811428571 7
2307 1270.47526316 19
2308 1576.56728571 14
2309 1632.36028571 7
2310 2530.29566667 6
2311 1250.89366667 12
2312 1093.37345455 11
2313 1197.653 6
2314 1267.38433333 12
2315 814.510333333 6
2316 1060.0352 5
2317 946.843166667 12
2318 1140.93314286 7
2319 1648.84771429 7
2320 1407.29133333 12
2321 1101.98773333 15
2322 1273.16775 8
2323 1919.62875 8
2324 1546.92177778 9
2325 839.9415 12
2326 921.452444444 9
2327 979.9148 5
2328 903.923714286 7
2329 1250.96 7
2330 1383.11892308 13
2331 1141.23553846 13
2332 1018.9824 10
2333 1456.06966667 12
2334 910.276 8
2335 882.550117647 17
2336 1068.16109091 11
2337 1491.32628571 14
2338 1236.90275 8
2339 1329.25866667 9
2340 1372.61164706 17
2341 972.795636364 11
2342 1666.89525 8
2343 994 8
2344 1105.322 7
2345 1277.31971429 7
2346 1281.80483333 12
2347 1081.21433333 6
2348 1304.96571429 14
2349 870.53075 8
2350 1069.6375 12
2351 1167.18236364 11
2352 791.341 10
2353 1108.79983333 12
2354 796.755777778 9
2355 1128.12981818 11
2356 1559.96254545 11
2357 1334.372 5
2358 798.183454545 11
2359 1361.88111111 9
2360 884.923 8
2361 1323.34371429 7
2362 1002.28716667 12
2363 1058.49733333 9
2364 1511.36 7
2365 1160.66654545 11
2366 1204.11138462 13
2367 1039.464 8
2368 880.849733333 15
2369 1361.041 8
2370 1966.34742857 7
2371 1434.07733333 6
2372 1106.37066667 6
2373 1213.14 11
2374 1271.45618182 11
2375 1043.60175 8
2376 1319.31381818 11
2377 1084.43475 8
2378 1033.72709091 11
2379 1050.41283333 12
2380 1378.93761538 26
2381 2286.29371429 7
2382 862.460888889 9
2383 1275.92971429 7
2384 866.538 11
2385 1070.066 11
2386 1212.29630769 13
2387 968.398923077 13
2388 2013.82771429 7
2389 818.609692308 13
2390 1094.1605 12
2391 1628.396 12
2392 801.119384615 13
2393 815.123333333 6
2394 1357.2715 16
2395 963.886363636 11
2396 1037.37785714 14
2397 1434.0775 16
2398 847.703333333 3
2399 1030.244 3
2400 1377.2036 15
2401 1373.44266667 12
2402 1137.83145455 11
2403 1018.82242857 14
2404 976.180166667 12
2405 936.37 6
2406 815.767333333 6
2407 1134.3172 10
2408 851.732 7
2409 1493.13514286 7
2410 1373.86911111 9
2411 1174.02955556 9
2412 1185.262 8
2413 1516.0795 8
2414 1313.3566 10
2415 1170.63 9
2416 1573.98166667 6
2417 1347.00711111 9
2418 823.8075 8
2419 1043.07 7
2420 1019.926 6
2421 675.802571429 7
2422 1262.37246154 13
2423 1639.3075 12
2424 1138.6734 10
2425 895.757818182 11
2426 1424.67583333 12
2427 946.3708 10
2428 1077.96 9
2429 741.739 10
2430 1035.19583333 12
2431 1581.33630769 13
2432 1252.449 10
2433 1026.09525 8
2434 1297.11988889 18
2435 844.191428571 7
2436 1714.17066667 9
2437 1602.092 8
2438 1083.303 6
2439 1094.09628571 7
2440 1054.32228571 14
2441 1051.96542857 14
2442 741.71025 8
2443 1091.43 7
2444 937.245333333 6
2445 1296.97428571 7
2446 954.695142857 7
2447 1437.91811111 18
2448 1161.96105882 17
2449 989.173 2
2450 762.8376 10
2451 1397.234 11
2452 1184.63366667 12
2453 1132.42066667 3
2454 1501.80366667 12
2455 975.308909091 11
2456 1435.7215 8
2457 1008.4156 5
2458 900.8988 10
2459 1257.948 9
2460 846.534666667 6
2461 1567.36644444 9
2462 1099.00018182 11
2463 1106.3196 10
2464 1157.63022222 9
2465 1280.89727273 11
2466 1199.66066667 12
2467 1191.38618182 11
2468 926.64075 8
2469 1129.74433333 6
2470 838.294181818 11
2471 1139.40028571 7
2472 1524.74725 8
2473 689.378 5
2474 1260.59236364 11
2475 735.578666667 6
2476 1164.4576 5
2477 738.924 8
2478 902.4742 10
2479 1317.26066667 15
2480 1036.51444444 9
2481 873.369333333 6
2482 1139.14566667 12
2483 969.793692308 13
2484 1181.291625 16
2485 881.142666667 6
2486 931.908909091 11
2487 990.57425 8
2488 1062.04485714 7
2489 1185.82742857 7
2490 1169.87854545 11
2491 901.55275 8
2492 1074.59633333 12
2493 1133.68085714 7
2494 1205.26107692 13
2495 1153.46622222 9
2496 1314.8952 5
2497 863.969818182 11
2498 869.502266667 15
2499 1309.41709091 11
2500 1066.421 10
2501 1021.31 9
2502 1170.48563636 11
2503 1183.68613333 15
2504 1334.9536 10
2505 1123.27155556 9
2506 929.464181818 11
2507 1310.76933333 6
2508 1083.51925 8
2509 760.937714286 7
2510 1793.56630769 13
2511 920.248181818 11
2512 848.767125 16
2513 1432.9576 10
2514 1048.29247059 17
2515 1094.199 14
2516 1684.631 10
2517 1160.64183333 12
2518 604.600888889 9
2519 978.223636364 11
2520 1138.97977778 9
2521 1015.18973333 15
2522 811.474727273 11
2523 1100.826 13
2524 1252.28072727 11
2525 1056.98 11
2526 943.713538462 13
2527 859.128285714 7
2528 1129.356 13
2529 1201.58433333 12
2530 1076.47272727 11
2531 1851.0944 5
2532 946.864933333 15
2533 1168.206875 16
2534 1828.6975 8
2535 742.957333333 9
2536 1394.7024 15
2537 1473.54333333 12
2538 1010.58333333 6
2539 1490.8356 10
2540 1098.99283333 12
2541 1459.73555556 9
2542 738.9275 12
2543 1185.4906 10
2544 1619.35675 8
2545 2241.00428571 7
2546 813.606888889 9
2547 1251.07125 8
2548 1132.98666667 6
2549 1433.2395 8
2550 1135.91075 8
2551 708.1755 8
2552 1073.067 10
2553 1382.50866667 9
2554 680.3928 5
2555 1351.70257143 7
2556 922.682857143 7
2557 995.855846154 13
2558 737.4335 8
2559 783.46875 8
2560 1175.6292 10
2561 753.0615 8
2562 1320.6252 10
2563 1135.42145455 11
2564 1280.1575 8
2565 815.586666667 9
2566 1010.54083333 12
2567 1400.57030769 13
2568 1058.87454545 11
2569 1255.39511111 9
2570 799.3825 8
2571 964.1796 5
2572 553.876857143 7
2573 1194.22911111 9
2574 1254.642 11
2575 1206.4528 10
2576 948.569 8
2577 1188.648 12
2578 1397.62527273 11
2579 1056.12977778 9
2580 1058.3645 12
2581 1219.73257143 7
2582 1097.7664 10
2583 782.985714286 7
2584 737.105272727 11
2585 1065.73690909 11
2586 1014.539 12
2587 946.1784 15
2588 1155.616 15
2589 963.845333333 12
2590 1151.73866667 3
2591 1246.55914286 7
2592 1382.26866667 6
2593 1075.0012 10
2594 2306.0048 5
2595 1356.2986 10
2596 1193.25083333 12
2597 1027.56725 8
2598 808.365714286 7
2599 897.906 7
2600 959.305333333 6
2601 1156.57928571 14
2602 1177.77825 8
2603 715.365 4
2604 1612.20545455 11
2605 1387.1356 5
2606 1090.7549 20
2607 1247.82705263 19
2608 1124.56371429 14
2609 1238.7025 12
2610 1425.5314 10
2611 1784.50633333 6
2612 634.198333333 6
2613 926.095 10
2614 1357.786 10
2615 1558.85490909 11
2616 1580.32711111 9
2617 913.805 10
2618 965.670727273 11
2619 1106.17775 8
2620 1410.21775 8
2621 1373.28885714 7
2622 855.6176 10
2623 1039.879 10
2624 997.292888889 9
2625 1205.55022222 9
2626 1122.8545 8
2627 1552.12 10
2628 1125.94428571 7
2629 892.777714286 7
2630 1412.61381818 11
2631 1066.3048 5
2632 879.17325 8
2633 882.475466667 15
2634 1296.085 16
2635 1317.95555556 9
2636 1256.63054545 11
2637 768.213272727 11
2638 918.07225 8
2639 1215.009 12
2640 1250.32866667 6
2641 992.59875 16
2642 1329.5754 10
2643 946.965714286 14
2644 1294.9656 5
2645 1243.07433333 12
2646 1071.46272727 11
2647 1372.078 5
2648 1350.28781818 11
2649 1333.254 11
2650 930.382285714 14
2651 1220.02366667 6
2652 1093.69328571 14
2653 1042.27654545 11
2654 969.128571429 14
2655 1513.0716 10
2656 1016.4664 5
2657 1302.76272727 11
2658 688.993294118 17
2659 799.549833333 12
2660 935.549466667 15
2661 1462.4455 4
2662 1053.32783333 12
2663 1354.3045 12
2664 1293.21288889 9
2665 1096.2952 10
2666 1083.268 9
2667 1304.92823529 17
2668 814.538266667 15
2669 1061.95714286 7
2670 1110.75476923 13
2671 1031.41222222 9
2672 1282.5845 12
2673 1601.147 10
2674 1051.09413333 15
2675 1029.650625 16
2676 775.7145 8
2677 987.249692308 13
2678 929.11125 8
2679 1550.39628571 7
2680 798.247777778 9
2681 1453.88145455 11
2682 1289.41814286 14
2683 1661.24369231 13
2684 1300.96985714 14
2685 1595.93133333 9
2686 1382.33377778 9
2687 1085.4305 8
2688 1071.288 6
2689 1250.91475 8
2690 1270.60857143 7
2691 1056.8108 5
2692 950.2982 10
2693 1156.41088889 9
2694 1021.1152 10
2695 1035.97628571 7
2696 1177.744 8
2697 884.09 4
2698 1169.46555556 9
2699 666.794166667 12
2700 1129.16171429 7
2701 976.433692308 13
2702 1031.81836364 11
2703 1034.0124 5
2704 854.59225 8
2705 1160.56714286 7
2706 1035.23963636 11
2707 1214.28177778 9
2708 1699.043 8
2709 1848.19483333 12
2710 984.980909091 11
2711 1134.7305 8
2712 946.244 11
2713 1161.4262 10
2714 1081.79436364 11
2715 1127.44925 8
2716 1704.37275 8
2717 1042.26685714 7
2718 1261.645 10
2719 1044.89977778 9
2720 1160.67853333 15
2721 742.7775 4
2722 1224.343 6
2723 1072.27244444 9
2724 999.297166667 12
2725 760.833166667 12
2726 1162.45142857 7
2727 1136.39181818 11
2728 1454.36127273 11
2729 1027.94285714 7
2730 1648.71327273 11
2731 1216.5876 10
2732 786.277 2
2733 1434.79088889 9
2734 1068.408 8
2735 990.357555556 9
2736 1142.43542857 7
2737 470.6108 5
2738 1103.67292308 13
2739 882.58425 8
2740 1013.5254 10
2741 761.450666667 6
2742 1058.72916667 12
2743 1192.37942857 7
2744 986.356 7
2745 999.278857143 7
2746 1259.82666667 6
2747 1426.91514286 7
2748 1233.54727273 11
2749 1252.6604 10
2750 1194.484 10
2751 1064.77307692 13
2752 1313.358 13
2753 1595.6685 8
2754 950.403818182 11
2755 1116.67857143 7
2756 892.6824 5
2757 1389.31436364 11
2758 1194.83585714 14
2759 932.128857143 7
2760 1201.35657143 7
2761 988.907714286 7
2762 1025.0398 10
2763 1519.23 8
2764 1087.3148 10
2765 1574.34733333 9
2766 1159.12142857 7
2767 1077.17044444 9
2768 1213.72475 8
2769 1319.48828571 14
2770 946.421333333 9
2771 912.290888889 9
2772 1263.06222222 9
2773 2318.88575 8
2774 1067.07363636 11
2775 1052.7005 16
2776 1059.5544 10
2777 1010.6232 10
2778 1191.43630769 13
2779 1395.90566667 12
2780 965.40125 8
2781 1184.55971429 7
2782 1013.45985714 14
2783 916.086181818 11
2784 861.38925 8
2785 783.784666667 9
2786 1263.152 9
2787 947.262 12
2788 1024.1884 10
2789 964.808333333 12
2790 1091.87 11
2791 915.3838 10
2792 882.494545455 11
2793 1419.45875 8
2794 1394.73555556 9
2795 1330.79381818 11
2796 1120.62072727 11
2797 890.671833333 12
2798 1047.19709091 11
2799 811.375636364 11
2800 1124.3308 10
2801 1084.03123077 13
2802 1159.50285714 14
2803 946.410444444 9
2804 944.656 13
2805 773.162833333 12
2806 1704.3256 10
2807 981.06275 8
2808 1265.63763636 11
2809 1033.63436364 11
2810 1002.10061538 13
2811 971.5455 12
2812 1322.88971429 7
2813 925.425666667 12
2814 1107.1405 8
2815 1112.2405 16
2816 785.843875 16
2817 1125.32666667 12
2818 800.520333333 6
2819 1208.15054545 11
2820 1076.3304 10
2821 646.982285714 7
2822 1136.319 10
2823 1242.83025 8
2824 722.148666667 6
2825 1003.77925 16
2826 678.376 6
2827 1152.502 12
2828 1263.13523077 13
2829 1237.0332 10
2830 1398.412 5
2831 1326.16711111 9
2832 1309.14085714 7
2833 715.803777778 9
2834 989.584666667 9
2835 1044.62688889 9
2836 1546.30333333 12
2837 1838.64 9
2838 1220.51925 8
2839 1094.75014286 14
2840 1217.93533333 6
2841 1214.23676923 13
2842 1036.2345 12
2843 795.329111111 9
2844 719.287076923 13
2845 968.620769231 13
2846 817.898666667 9
2847 1227.261 6
2848 815.563777778 9
2849 562.754222222 9
2850 1124.22418182 11
2851 1145.0985 8
2852 964.467333333 9
2853 1505.06516667 12
2854 955.729333333 6
2855 1119.96018182 11
2856 984.5286 10
2857 1242.51690909 11
2858 1171.86883333 12
2859 1080.60685714 7
2860 1316.83057143 7
2861 636.406666667 6
2862 1149.68228571 7
2863 906.933857143 14
2864 1563.51755556 9
2865 878.7226 10
2866 974.1298 10
2867 1338.99430769 13
2868 1042.48425 16
2869 914.02175 8
2870 1072.2936 10
2871 1089.20025 8
2872 855.610166667 12
2873 1024.53 8
2874 1361.01866667 3
2875 1287.57061538 13
2876 1373.8264 10
2877 1004.79057143 7
2878 1360.06714286 14
2879 771.698888889 9
2880 981.3295 12
2881 902.2455 20
2882 896.779666667 6
2883 818.108363636 11
2884 1089.29615385 13
2885 1082.37385714 14
2886 763.609818182 11
2887 1324.86283333 12
2888 865.0258 10
2889 1380.76342857 14
2890 1039.14430769 13
2891 832.288769231 13
2892 1208.29342857 14
2893 1303.6124 10
2894 935.793833333 12
2895 585.037636364 11
2896 1218.589125 16
2897 1700.475 6
2898 974.505777778 9
2899 1156.1222 10
2900 1219.1366 10
2901 1070.13488889 18
2902 1156.31125 8
2903 1300.63866667 9
2904 1276.28293333 15
2905 1043.76342857 14
2906 1030.9084 15
2907 1464.808 8
2908 1309.38511111 9
2909 1055.72981818 11
2910 1576.873 8
2911 1278.2922 10
2912 756.838444444 9
2913 888.309142857 7
2914 956.886933333 15
2915 1378.13169231 13
2916 1063.83828571 7
2917 904.269090909 11
2918 1392.83214286 14
2919 1409.37428571 7
2920 1060.29723077 13
2921 858.0702 10
2922 1288.27709091 11
2923 1252.54125 8
2924 1109.6196 10
2925 1228.44571429 7
2926 1304.57733333 9
2927 986.03 6
2928 1502.6384 10
2929 791.205333333 3
2930 798.927857143 14
2931 909.645846154 13
2932 1347.8882 10
2933 1129.48866667 6
2934 1103.81975 8
2935 1070.56475 8
2936 1199.4662 10
2937 973.638363636 11
2938 949.722181818 11
2939 1058.6948 10
2940 1022.95511111 9
2941 1684.94692308 13
2942 980.659272727 11
2943 1103.742 13
2944 723.6284 10
2945 1674.712 5
2946 913.26825 8
2947 757.595666667 6
2948 1352.54666667 6
2949 1142.89666667 6
2950 894.225142857 7
2951 947.807571429 14
2952 1764.37925 8
2953 1103.12266667 12
2954 925.864 11
2955 1523.44325 8
2956 929.997111111 9
2957 1319.7615 12
2958 799.626333333 6
2959 1040.9054 10
2960 1095.48044444 9
2961 1092.961 14
2962 1094.086 9
2963 1168.20945455 11
2964 1372.94384615 13
2965 1938.4128 10
2966 1018.08777778 9
2967 1131.15616667 12
2968 898.3152 10
2969 892.0968 10
2970 851.434909091 11
2971 927.058 7
2972 1102.6096 10
2973 1158.41325 8
2974 987.10225 8
2975 1382.7672 10
2976 1182.76581818 11
2977 1011.96725 8
2978 1273.34633333 6
2979 1020.2785 12
2980 956.340857143 7
2981 855.5466 10
2982 815.840615385 13
2983 1090.949 4
2984 1614.88533333 9
2985 1078.78546667 15
2986 1320.31072727 11
2987 1161.55283333 12
2988 878.037666667 12
2989 1224.85813333 15
2990 1076.068 11
2991 963.343375 16
2992 908.795454545 11
2993 1048.12975 8
2994 1015.4996 10
2995 1497.86 9
2996 1219.77977778 18
2997 1008.94692308 13
2998 834.620545455 11
2999 1403.87066667 6
3000 833.267 8
3001 1347.5664 5
3002 1102.66923077 13
3003 1472.25410526 19
3004 988.789166667 12
3005 1193.77011765 17
3006 962.14525 8
3007 1843.86644444 9
3008 948.107333333 9
3009 921.676 10
3010 1363.90773333 15
3011 1069.087375 16
3012 1656.80825 8
3013 1400.39688889 9
3014 1266.95836364 11
3015 1280.13111111 9
3016 1142.329 6
3017 873.257666667 6
3018 824.538 13
3019 1139.05453333 15
3020 1270.94933333 9
3021 1475.91116667 12
3022 1214.56253333 15
3023 1354.04285714 7
3024 1164.908 5
3025 1127.44215385 13
3026 1001.843 8
3027 773.7664 5
3028 1127.295 6
3029 1245.98384615 13
3030 1238.20015385 13
3031 907.3696 10
3032 1279.43181818 11
3033 1099.62 15
3034 999.004166667 12
3035 1347.5236 5
3036 1053.548625 16
3037 1064.73 11
3038 966.850307692 13
3039 947.465333333 9
3040 1079.4312 5
3041 1127.7514 10
3042 1282.70654545 11
3043 1534.66030769 13
3044 1596.53742857 7
3045 1242.42711111 9
3046 2317.3935 4
3047 1023.97654545 11
3048 972.828 9
3049 948.498333333 6
3050 1006.81275 8
3051 1330.86153846 13
3052 1569.53363636 11
3053 972.2984 5
3054 1190.80533333 9
3055 1129.30563636 11
3056 1275.77311111 9
3057 794.152444444 9
3058 943.694 13
3059 1189.7526 10
3060 1379.94383333 12
3061 658.812 6
3062 980.932461538 13
3063 903.1172 10
3064 684.506 7
3065 1459.38018182 11
3066 983.822571429 14
3067 910.526 9
3068 1040.827 8
3069 1211.55909091 11
3070 1690.08066667 9
3071 1342.55466667 3
3072 1309.6984 5
3073 1015.57533333 12
3074 975.680363636 11
3075 966.159 10
3076 795.500142857 14
3077 1142.016 13
3078 912.8466 10
3079 1062.05 5
3080 1405.43633333 12
3081 940.101466667 15
3082 895.511714286 14
3083 1095.77381818 11
3084 898.4125 12
3085 945.3335 4
3086 1216.36116667 12
3087 1504.258 3
3088 1366.73246154 13
3089 960.068333333 12
3090 1038.42325 8
3091 993.4528 10
3092 993.116615385 13
3093 1586.59225 8
3094 1068.70928571 14
3095 1031.4622 10
3096 1514.05836364 11
3097 996.002 8
3098 939.107714286 21
3099 1550.57785714 14
3100 961.614363636 11
3101 1128.47475 8
3102 1262.4068 5
3103 933.326461538 13
3104 1554.83866667 9
3105 1102.898125 16
3106 1305.80016667 12
3107 713.62575 8
3108 1122.21757143 14
3109 771.724571429 7
3110 1124.19472727 11
3111 1619.05257143 7
3112 1269.24 8
3113 991.512714286 14
3114 962.152666667 9
3115 1118.5125 8
3116 1584.65507692 13
3117 1359.65615385 13
3118 786.581 4
3119 909.340571429 7
3120 918.012666667 6
3121 1011.39285714 7
3122 1367.74683333 12
3123 969.298 5
3124 1029.85511111 9
3125 792.480888889 9
3126 974.103142857 7
3127 1065.92783333 12
3128 1150.5536 10
3129 1260.93171429 14
3130 1155.88125 16
3131 780.114222222 9
3132 1010.354 9
3133 1308.75672727 11
3134 809.487555556 9
3135 674.993428571 7
3136 1013.4992 10
3137 945.793 10
3138 1150.644 9
3139 1094.98457143 7
3140 825.13425 8
3141 874.2304 10
3142 1229.60933333 6
3143 842.119333333 9
3144 1488.28072727 11
3145 1220.8146 10
3146 1304.55054545 11
3147 893.619 12
3148 1011.75657143 7
3149 1105.30254545 11
3150 904.905777778 9
3151 1123.6814 10
3152 1172.46228571 7
3153 1148.97969231 13
3154 1071.34145455 11
3155 1356.5294 10
3156 1586.75533333 12
3157 1078.4935 12
3158 838.0612 15
3159 1406.56257143 7
3160 1142.329 8
3161 885.268769231 13
3162 1159.048 14
3163 813.635333333 12
3164 1227.234 12
3165 1379.00025 8
3166 771.585428571 14
3167 1074.80342857 7
3168 1290.31984615 13
3169 886.503 8
3170 1386.3888 10
3171 872.9232 10
3172 1480.08225 8
3173 1075.62488889 9
3174 1054.55138462 13
3175 891.622222222 9
3176 1014.788 8
3177 760.782545455 11
3178 1010.56506667 15
3179 951.252727273 11
3180 670.347 8
3181 1217.653 10
3182 1734.2065 4
3183 1589.22133333 3
3184 1153.37644444 9
3185 801.693818182 11
3186 1174.55711111 9
3187 932.556428571 14
3188 1267.3762 10
3189 1196.18033333 6
3190 1220.993 8
3191 1632.99707692 13
3192 1225.8374 10
3193 1209.18483333 12
3194 976.876 7
3195 925.085454545 11
3196 1139.15828571 7
3197 912.13 7
3198 1269.8914 10
3199 1366.0084 10
3200 1344.4412 5
3201 898.407818182 11
3202 1154.21693333 15
3203 1054.348 8
3204 1241.40327273 11
3205 1252.38446154 13
3206 952.489777778 9
3207 1543.43133333 12
3208 1242.09433333 6
3209 1236.40575 8
3210 1224.028 14
3211 1394.03955556 9
3212 844.0086 10
3213 736.5485 12
3214 542.841142857 7
3215 1298.612 7
3216 1167.96646154 13
3217 1140.13781818 11
3218 1228.47 13
3219 856.126333333 6
3220 1373.24276923 13
3221 786.30775 8
3222 1234.12183333 12
3223 1157.48066667 12
3224 1056.49533333 9
3225 1570.88675 8
3226 790.730909091 11
3227 899.829272727 11
3228 1004.16483333 12
3229 1301.8244 10
3230 1228.08325 8
3231 1157.3545 8
3232 982.8234 10
3233 1040.903 12
3234 791.408285714 7
3235 743.576 5
3236 958.052 6
3237 1523.07133333 12
3238 1280.02125 8
3239 1235.83763636 11
3240 967.589 10
3241 1133.33446154 13
3242 1257.51114286 14
3243 1483.96909091 11
3244 1175.192 5
3245 1320.1174 10
3246 1202.17283333 12
3247 903.798363636 11
3248 1710.50175 8
3249 604.993714286 7
3250 1224.72483333 12
3251 697.412857143 7
3252 1086.849 10
3253 1232.308 9
3254 1234.55428571 7
3255 605.6576 5
3256 1027.88871429 14
3257 1343.881875 16
3258 985.6816 10
3259 1277.51633333 6
3260 967.280769231 13
3261 1275.161 14
3262 921.0046 10
3263 1100.19883333 12
3264 917.81225 8
3265 938.4044 10
3266 938.301428571 7
3267 804.393428571 7
3268 1235.854 7
3269 1141.884 8
3270 971.98 11
3271 995.43 9
3272 1154.07016667 12
3273 1009.10461538 13
3274 863.9892 5
3275 680.462857143 7
3276 976.293272727 11
3277 1035.838 12
3278 873.408857143 7
3279 763.837333333 3
3280 1686.719 8
3281 2091.26966667 6
3282 1479.24971429 14
3283 800.793555556 9
3284 1366.93309091 11
3285 898.000333333 12
3286 1212.70230769 13
3287 920.782333333 6
3288 1125.32253333 15
3289 847.922727273 11
3290 1182.81742857 14
3291 966.768727273 11
3292 1435.10771429 7
3293 1190.9185 12
3294 1114.50745455 11
3295 1279.608 11
3296 951.687142857 7
3297 1303.17516667 12
3298 1547.6 6
3299 957.769142857 7
3300 1389.6665 4
3301 1015.5806 10
3302 1725.70025 8
3303 864.7016 5
3304 1193.95914286 7
3305 1304.47013333 15
3306 793.23275 8
3307 1214.4516 15
3308 1395.46690909 11
3309 1331.82717647 17
3310 1261.36966667 12
3311 776.017272727 11
3312 1366.8434 10
3313 981.959714286 14
3314 1031.092 9
3315 1322.752 7
3316 980.636333333 12
3317 1452.31925 8
3318 909.548666667 21
3319 1143.98155556 9
3320 1103.991 6
3321 991.434181818 11
3322 992.4245 8
3323 1325.843 8
3324 1118.659 12
3325 644.784857143 7
3326 1064.84942857 7
3327 1152.806 14
3328 1024.33833333 6
3329 1183.889 8
3330 978.765625 16
3331 1285.892 11
3332 1294.0512 10
3333 1024.55628571 7
3334 630.9115 12
3335 1170.189 6
3336 1667.64857143 7
3337 1351.65171429 14
3338 930.8235 8
3339 1202.21984615 13
3340 610.294 8
3341 1032.520375 16
3342 1055.16771429 7
3343 2149.83133333 6
3344 1298.56155556 9
3345 1227.5674 10
3346 966.510909091 11
3347 878.6135 12
3348 1619.49363636 11
3349 1019.19575 8
3350 909.76275 16
3351 1791.60233333 6
3352 1095.76657143 7
3353 1476.2848 5
3354 849.2378 10
3355 893.864166667 12
3356 1020.47888889 18
3357 968.204222222 18
3358 1269.24418182 11
3359 493.12 9
3360 946.411 8
3361 921.6965 12
3362 1242.04028571 7
3363 1170.059 12
3364 1183.23733333 6
3365 1337.0365 12
3366 910.36 2
3367 1161.7375 4
3368 881.97825 8
3369 797.73325 8
3370 847.544666667 9
3371 932.569333333 12
3372 949.800666667 3
3373 1289.288 12
3374 1300.75471429 14
3375 1236.08383333 12
3376 733.517272727 11
3377 1356.63066667 6
3378 674.692 6
3379 1250.27729412 17
3380 855.640571429 7
3381 1287.63857143 7
3382 1153.40233333 12
3383 1217.38775 8
3384 1203.10022222 9
3385 1527.367125 16
3386 772.485230769 13
3387 1002.4834 10
3388 1400.32633333 12
3389 1309.88672727 11
3390 1218.9454 10
3391 1361.45483333 12
3392 731.472222222 9
3393 1090.97875 8
3394 852.626666667 12
3395 965.503714286 7
3396 1118.18555556 9
3397 1382.71633333 12
3398 861.672 11
3399 1439.92 12
3400 1001.69314286 7
3401 1171.0495 12
3402 1249.44723077 13
3403 1051.19890909 11
3404 1041.45928571 14
3405 790.45475 8
3406 1138.0466 10
3407 1301.50257143 7
3408 984.218833333 12
3409 1134.5832 10
3410 1572.40222222 9
3411 720.2285 4
3412 1307.50771429 14
3413 1217.99514286 14
3414 874.614333333 12
3415 1189.27616667 12
3416 1365.364 11
3417 1186.097 10
3418 1019.35042857 14
3419 1102.9322 10
3420 911.401555556 18
3421 1094.52275 8
3422 1328.49415385 13
3423 1097.78966667 6
3424 1241.6888 5
3425 744.7502 10
3426 1208.67575 8
3427 906.502363636 11
3428 1640.10514286 7
3429 631.3215 8
3430 1235.51306667 15
3431 986.88375 8
3432 917.7055 12
3433 1540.7432 10
3434 1185.20566667 6
3435 876.308 6
3436 1181.37555556 9
3437 742.0422 10
3438 1138.63542857 7
3439 1262.33 7
3440 1086.7482 10
3441 714.778833333 12
3442 635.411714286 7
3443 1070.03773333 15
3444 881.6048 5
3445 964.9563 20
3446 1250.624 7
3447 1204.916 7
3448 1618.1805 12
3449 846.821166667 12
3450 923.987555556 9
3451 827.5095 12
3452 1055.9904 5
3453 1218.0125 4
3454 1076.21244444 9
3455 1152.2422 10
3456 945.280769231 13
3457 745.6025 8
3458 1034.42626667 15
3459 1186.80771429 7
3460 912.289142857 14
3461 876.478363636 11
3462 1137.80693333 15
3463 1155.8898 10
3464 1170.51145455 11
3465 1156.66 6
3466 1179.32222222 9
3467 918.051636364 11
3468 1059.04230769 13
3469 1097.488 8
3470 957.11425 8
3471 958.2916 10
3472 881.412 9
3473 974.091818182 11
3474 1149.28311111 9
3475 1194.95133333 12
3476 1173.0795 16
3477 1374.32783333 12
3478 1737.61927273 11
3479 1186.418 9
3480 1136.15942857 14
3481 2033.34966667 6
3482 1413.06575 16
3483 1157.58671429 14
3484 1104.299 10
3485 898.432769231 13
3486 1257.584 7
3487 1422.14872727 11
3488 956.506222222 9
3489 1132.83177778 9
3490 1409.712 9
3491 1346.9436 5
3492 870.334909091 11
3493 1055.916 12
3494 1653.05254545 11
3495 1206.36466667 12
3496 1283.40177778 9
3497 1353.64057143 7
3498 900.501333333 21
3499 1044.1966 10
3500 976.328285714 7
3501 1568.96092308 13
3502 966.686454545 22
3503 1151.364 7
3504 782.95875 8
3505 856.219333333 6
3506 1093.51888889 9
3507 1233.66230769 13
3508 839.397333333 12
3509 1152.67923077 13
3510 996.406666667 6
3511 1382.946 11
3512 1090.92075 8
3513 1073.00188235 17
3514 837.159818182 11
3515 1005.11883333 12
3516 1052.024 13
3517 1691.8362 10
3518 1370.72416667 12
3519 830.241272727 11
3520 1200.41428571 7
3521 1129.57857143 14
3522 1697.8878 10
3523 1110.524 11
3524 1021.468 7
3525 1417.869 10
3526 603.942666667 3
3527 1901.36733333 6
3528 1462.18230769 13
3529 1228.734 14
3530 1842.108 12
3531 1170.23933333 12
3532 1363.24236364 11
3533 836.331714286 7
3534 889.283230769 13
3535 1252.23033333 18
3536 963.576333333 12
3537 1089.34327273 22
3538 1336.51533333 12
3539 888.925818182 11
3540 1484.024375 16
3541 1586.4396 5
3542 1494.0124 10
3543 1121.6948 5
3544 814.680153846 13
3545 940.885142857 14
3546 856.495666667 12
3547 1232.6435 12
3548 1083.13654545 11
3549 1225.83833333 6
3550 1078.47727273 11
3551 1167.88418182 11
3552 1159.21285714 7
3553 847.969333333 15
3554 987.06 11
3555 1002.24517647 17
3556 1433.486 5
3557 929.436666667 12
3558 781.80552381 21
3559 1300.218 10
3560 746.334 11
3561 920.521333333 9
3562 1395.28366667 12
3563 1465.60233333 6
3564 862.037428571 7
3565 849.616888889 9
3566 1245.965625 16
3567 1299.46066667 6
3568 1090.3675 8
3569 1172.35028571 14
3570 1188.63022222 9
3571 879.3172 10
3572 918.425777778 9
3573 1083.23186667 15
3574 1230.38971429 7
3575 1093.494 16
3576 1218.90085714 14
3577 1444.25776471 17
3578 1150.686 14
3579 1185.51666667 15
3580 891.302153846 13
3581 1025.05477778 18
3582 1123.59709091 11
3583 1499.29625 8
3584 1284.44 11
3585 1049.04657143 7
3586 1052.31676923 13
3587 1342.019875 16
3588 1122.502625 16
3589 716.676 12
3590 1115.95666667 3
3591 1048.4952 5
3592 961.960142857 14
3593 814.566153846 13
3594 844.093777778 9
3595 1015.6158 10
3596 1549.795 10
3597 883.133636364 11
3598 1185.63626667 15
3599 897.569529412 17
3600 1507.84111111 9
3601 1279.43 8
3602 1559.30636364 11
3603 1166.02133333 6
3604 816.918285714 14
3605 950.7648 10
3606 1173.50127273 11
3607 1466.11654545 11
3608 980.210666667 9
3609 990.238 8
3610 1213.31271429 14
3611 1108.80075 8
3612 1081.87072727 11
3613 1078.27015385 13
3614 975.959111111 9
3615 1746.1708 5
3616 1137.359 12
3617 919.046222222 9
3618 1200.741 16
3619 816.994888889 9
3620 1023.328 9
3621 1320.16216667 12
3622 1060.517 4
3623 1110.584 11
3624 1339.337 8
3625 1083.1132 5
3626 872.805454545 11
3627 1042.85033333 6
3628 1153.80430769 13
3629 1284.24485714 7
3630 1426.84311111 9
3631 778.668 13
3632 798.866666667 6
3633 1241.97061538 13
3634 1349.4516 5
3635 1523.98272727 11
3636 1349.20733333 12
3637 1055.74925 8
3638 820.7575 8
3639 1168.698 15
3640 1226.8008 15
3641 845.501285714 14
3642 1619.7674 10
3643 953.804625 16
3644 1256.60775 16
3645 1320.426 9
3646 1106.71742857 7
3647 1154.686 7
3648 1168.3885 12
3649 1199.89781818 11
3650 1156.55415385 13
3651 1222.64733333 9
3652 1210.10553846 13
3653 1232.12883333 12
3654 670.8165 4
3655 1003.66616667 12
3656 1270.02925 8
3657 1351.82525 8
3658 827.91775 8
3659 1093.47945455 11
3660 1121.187 8
3661 1388.97261538 13
3662 2227.7355 8
3663 1006.20283333 12
3664 1007.00725 8
3665 1159.44753846 13
3666 1703.2124 5
3667 1158.369 8
3668 1209.59509091 11
3669 969.698285714 7
3670 1060.23466667 12
3671 1131.17 14
3672 1101.62257143 7
3673 778.588 9
3674 736.985777778 9
3675 1048.1045 4
3676 1085.8108 10
3677 1184.04666667 12
3678 1204.33666667 6
3679 1103.978 8
3680 946.62775 16
3681 1354.16288889 9
3682 1517.70228571 7
3683 1150.3322 10
3684 1197.37728571 14
3685 1112.32341176 17
3686 1228.3195 8
3687 1538.90333333 6
3688 1259.57266667 6
3689 965.198 7
3690 1494.378 10
3691 1392.83488889 9
3692 1643.18942857 7
3693 1466.4518 10
3694 1128.8352 10
3695 924.285 8
3696 1316.75042105 19
3697 1091.48171429 14
3698 1214.7776 10
3699 1119.4332 5
3700 711.577 10
3701 976.931333333 12
3702 1045.3115 8
3703 1185.593 10
3704 1064.06327273 11
3705 1695.39733333 15
3706 1004.65257143 7
3707 1051.9308 10
3708 1037.59366667 6
3709 1384.06766667 12
3710 1147.27342857 7
3711 1509.00783333 12
3712 920.501166667 12
3713 1181.5014 10
3714 1020.98214286 14
3715 1059.3438 10
3716 663.5732 15
3717 1051.59844444 18
3718 1672.85088889 9
3719 725.099818182 11
3720 1424.91325 8
3721 1450.16 8
3722 1357.7664 10
3723 1270.46466667 12
3724 1171.79044444 9
3725 1104.76333333 6
3726 910.239875 16
3727 1037.5535 8
3728 1199.7615 4
3729 1166.358 6
3730 1668.25666667 6
3731 1492.83628571 7
3732 1071.67125 8
3733 1084.946 13
3734 1079.29628571 14
3735 1251.8856 15
3736 1410.40714286 7
3737 1165.97375 8
3738 1000.6464 15
3739 1097.5 5
3740 1418.6378 10
3741 1271.13514286 14
3742 1408.51825 8
3743 1328.99688889 9
3744 1391.86833333 6
3745 771.2286 10
3746 1001.488 11
3747 1341.05777778 9
3748 1181.258 18
3749 1314.68927273 11
3750 1018.7676 5
3751 886.058285714 7
3752 1212.62666667 6
3753 1119.02116667 12
3754 2366.74266667 6
3755 1307.632 10
3756 1050.54033333 12
3757 989.691555556 9
3758 1030.213 6
3759 964.990909091 11
3760 1169.92866667 12
3761 825.674888889 18
3762 1046.4916 15
3763 1151.08109091 11
3764 841.263428571 7
3765 1294.46909091 11
3766 1604.15028571 7
3767 998.422222222 9
3768 1508.626 11
3769 1308.447 12
3770 1791.35 7
3771 1173.716 8
3772 1473.9792 10
3773 1360.9695 8
3774 588.104285714 7
3775 1200.6356 5
3776 1393.91714286 21
3777 1172.70933333 12
3778 1471.4352 5
3779 1457.39875 8
3780 1281.1755 12
3781 1441.77933333 3
3782 1081.20975 8
3783 1378.34466667 9
3784 885.724222222 9
3785 1000.27527273 11
3786 835.970666667 9
3787 1145.24644444 9
3788 1444.7614 10
3789 1109.5946 10
3790 1354.33969231 13
3791 1242.13 14
3792 1254.92025 16
3793 1105.94777778 9
3794 1006.1578 10
3795 1049.426 9
3796 895.4752 10
3797 1220.129875 16
3798 1065.34088889 9
3799 1276.10828571 7
3800 1167.15271429 14
3801 965.9828 10
3802 788.226666667 9
3803 1216.53090909 11
3804 865.506666667 9
3805 803.132 9
3806 903.046857143 7
3807 1625.88644444 9
3808 864.888166667 12
3809 1073.69553846 13
3810 1099.21461538 13
3811 1031.74466667 9
3812 1227.96014286 14
3813 976.615777778 9
3814 1277.64890909 11
3815 1160.6244 5
3816 727.64 3
3817 1262.91654545 11
3818 1591.06415385 13
3819 977.4332 5
3820 1207.29714286 7
3821 925.776153846 13
3822 987.568285714 7
3823 1031.8454 10
3824 1246.28630769 13
3825 1033.62333333 6
3826 932.386222222 9
3827 1631.41672727 11
3828 1145.76142857 7
3829 1234.16257143 7
3830 1177.55694118 17
3831 984.197090909 11
3832 937.4378 10
3833 1133.14054545 11
3834 1147.67342857 14
3835 988.0846 10
3836 1107.87933333 6
3837 1193.793625 16
3838 1076.50883333 12
3839 766.825857143 14
3840 1120.21571429 7
3841 1215.052 11
3842 1053.7474 10
3843 1264.65736842 19
3844 1226.96444444 9
3845 1132.48 7
3846 1153.8122 10
3847 1379.05933333 6
3848 1059.2247619 21
3849 1144.66416667 12
3850 989.571285714 14
3851 866.33825 8
3852 1120.00363636 11
3853 1329.07766667 6
3854 909.302181818 11
3855 1231.46236364 11
3856 1012.04242857 14
3857 1219.46533333 12
3858 1083.862 9
3859 1154.66054545 11
3860 1318.4205 4
3861 1255.9698 10
3862 1332.21571429 7
3863 1160.63093333 15
3864 985.735333333 6
3865 1503.45266667 15
3866 1512.6795 8
3867 962.882666667 6
3868 1305.63345455 11
3869 1233.76955556 9
3870 1517.41733333 15
3871 913.3312 5
3872 767.404 4
3873 1838.83485714 7
3874 970.633 6
3875 923.79075 16
3876 1162.18781818 11
3877 1480.92781818 11
3878 1125.59166667 12
3879 944.652875 16
3880 1422.00685714 14
3881 1041.52314286 14
3882 602.548 7
3883 1442.83975 8
3884 1227.72283333 12
3885 680.843 4
3886 1280.92133333 9
3887 886.1486 10
3888 921.969428571 7
3889 611.672857143 7
3890 1124.818 7
3891 1106.3844 5
3892 1013.39369231 13
3893 1207.43676923 13
3894 891.5376 5
3895 1272.67457143 14
3896 1245.38516667 12
3897 1660.42314286 7
3898 981.582285714 7
3899 841.584222222 9
3900 753.078444444 9
3901 1018.51525 8
3902 873.63775 8
3903 978.507285714 14
3904 1048.65825 16
3905 1046.18888889 9
3906 1304.886 9
3907 996.385666667 12
3908 1617.32011765 17
3909 823.4944 15
3910 1309.26316667 12
3911 1309.02833333 6
3912 1409.7896 10
3913 1132.227 16
3914 1318.2048 5
3915 1040.56138462 13
3916 1555.00866667 6
3917 1224.16907692 13
3918 983.714 13
3919 1167.45175 8
3920 1410.302 10
3921 818.4325 12
3922 825.046461538 13
3923 1072.36509091 11
3924 2162.782 9
3925 1491.212 13
3926 1275.92117647 17
3927 1501.83618182 11
3928 1467.75727273 11
3929 1466.39355556 9
3930 1152.4724 5
3931 1398.32666667 9
3932 928.818333333 6
3933 1015.67485714 14
3934 1092.19542857 7
3935 1514.90285714 7
3936 1304.22733333 6
3937 1037.89742857 7
3938 1080.07085714 7
3939 1116.64725 8
3940 1184.631 12
3941 1092.16538462 13
3942 1070.74644444 9
3943 1405.62622222 9
3944 869.5292 5
3945 982.637333333 6
3946 1486.04146667 15
3947 1203.01575 8
3948 984.5125 8
3949 879.331 8
3950 1806.5484 5
3951 1119.55766667 12
3952 853.461 10
3953 1361.52461538 13
3954 1022.92872727 11
3955 1139.8742 10
3956 1021.75533333 15
3957 1300.91175 8
3958 1094.37622222 9
3959 590.0128 5
3960 1037.354 9
3961 834.304222222 9
3962 785.9365 8
3963 1451.85022222 9
3964 1024.73618182 11
3965 728.766 6
3966 1307.68254545 11
3967 863.736 7
3968 949.838769231 13
3969 831.26975 16
3970 1112.73018182 11
3971 1437.11266667 9
3972 665.042333333 6
3973 1142.74127273 11
3974 1127.83028571 7
3975 1508.83657143 7
3976 1012.2696 15
3977 1478.2894 10
3978 1001.192 7
3979 1137.668 7
3980 1250.26833333 6
3981 1089.42688889 9
3982 1421.8398 10
3983 982.7434 10
3984 1332.15057143 7
3985 1107.19466667 9
3986 925.832 13
3987 1093.87981818 11
3988 1393.402 5
3989 1024.70026667 15
3990 1105.37416667 12
3991 646.1056 5
3992 1147.06666667 9
3993 1170.595 10
3994 990.016833333 12
3995 1155.68884211 19
3996 1329.66866667 6
3997 813.010727273 11
3998 1134.06381818 11
3999 1573.59416667 12
4000 928.182666667 9
4001 1260.03133333 9
4002 1014.88857143 14
4003 1390.04511111 9
4004 1812.52733333 9
4005 1016.4276 10
4006 785.430909091 11
4007 1025.651 10
4008 1258.74276923 13
4009 605.183 4
4010 1130.4572 10
4011 861.61175 8
4012 1056.452 9
4013 793.782571429 7
4014 835.16575 8
4015 1305.96422222 9
4016 965.1536 10
4017 1344.444 4
4018 1327.0868 15
4019 951.245066667 15
4020 1079.00716667 12
4021 924.5502 10
4022 1161.7666 10
4023 1091.00625 8
4024 1274.3498 10
4025 1094.39914286 7
4026 1450.0858 10
4027 947.4275 8
4028 1346.22033333 6
4029 1095.62415385 13
4030 1216.76577778 9
4031 1408.06690909 11
4032 789.7488 5
4033 1158.83036364 11
4034 1087.5015 12
4035 942.568 17
4036 1190.15114286 7
4037 1603.4792 5
4038 992.532333333 12
4039 900.742 8
4040 1277.5528 10
4041 942.624375 16
4042 1003.213 6
4043 1630.55716667 12
4044 1056.24425 8
4045 1104.615 6
4046 837.575142857 7
4047 1731.59175 8
4048 1074.3388 10
4049 986.3555 8
4050 1417.15071429 14
4051 1345.55 12
4052 1228.3688 10
4053 1137.56688889 9
4054 1184.4782 10
4055 1452.1504 10
4056 811.256333333 12
4057 1194.62966667 12
4058 1064.42622222 9
4059 1117.60866667 6
4060 941.038166667 12
4061 1217.18433333 6
4062 753.253818182 11
4063 888.3046 10
4064 899.030857143 7
4065 1031.1092 5
4066 1259.63066667 12
4067 1139.71290909 11
4068 1010.026 9
4069 1093.39466667 9
4070 1182.87971429 7
4071 864.7725 8
4072 957.4722 10
4073 1383.6074 10
4074 1437.74066667 9
4075 1002.349 6
4076 1028.603 12
4077 645.551333333 6
4078 1377.47466667 12
4079 951.420181818 11
4080 1038.62816667 12
4081 1073.01766667 6
4082 1189.182 10
4083 1008.69275 8
4084 1410.1532 5
4085 1161.754 11
4086 1462.13171429 7
4087 1242.87828571 7
4088 1014.61466667 9
4089 774.672 4
4090 1176.80311111 9
4091 1155.2178 10
4092 1317.9975 16
4093 764.838 7
4094 1186.39933333 12
4095 975.684333333 6
4096 1260.79533333 12
4097 1150.4475 8
4098 771.513 8
4099 840.3148 10
4100 1004.3 7
4101 977.607428571 7
4102 1212.7255 8
4103 1009.39818182 11
4104 1708.52107692 13
4105 1249.90233333 12
4106 938.807294118 17
4107 1372.81461538 13
4108 1200.505 8
4109 943.654307692 13
4110 1509.00342857 7
4111 1361.2245 8
4112 1037.47490909 11
4113 1018.43127273 11
4114 1024.35307692 13
4115 1114.04509091 11
4116 649.5854 10
4117 1235.03557143 14
4118 1191.97333333 6
4119 998.332363636 11
4120 753.600285714 7
4121 1628.326 11
4122 981.529 6
4123 1136.97976471 17
4124 913.7168 10
4125 1219.34783333 12
4126 1273.93933333 9
4127 1402.94454545 11
4128 1066.9255 8
4129 1383.3028 5
4130 1620.26123077 13
4131 819.36325 16
4132 1408.1514 10
4133 1201.476 15
4134 1165.168625 16
4135 1237.93711111 9
4136 1190.25385714 14
4137 1362.523 4
4138 1135.205 6
4139 1191.188 17
4140 1008.10853333 15
4141 973.186 18
4142 1237.40661538 13
4143 1006.13706667 15
4144 1672.1406 10
4145 951.004266667 15
4146 1107.758 18
4147 1615.06666667 9
4148 1601.59833333 6
4149 1324.2075 16
4150 1221.14509091 11
4151 1155.3585 8
4152 1220.0508 5
4153 893.576375 16
4154 921.875555556 9
4155 1474.98342857 7
4156 866.1925 4
4157 1346.23125 8
4158 1264.1096 5
4159 1016.664 10
4160 1059.26 9
4161 1118.16025 8
4162 1269.7476 15
4163 1548.71925 8
4164 1217.95033333 12
4165 1212.79490909 11
4166 1013.7925 16
4167 885.978769231 13
4168 1156.9732 5
4169 1256.29483333 12
4170 981.9325 8
4171 1103.93477778 18
4172 1098.317125 16
4173 697.480285714 7
4174 841.942235294 17
4175 1052.25577778 18
4176 1053.47044444 9
4177 798.389538462 13
4178 714.328222222 9
4179 1217.439 10
4180 1073.21363636 11
4181 1551.02709091 11
4182 1273.87892308 13
4183 1267.25046154 13
4184 1139.26781818 11
4185 1342.04355556 9
4186 1126.3272 10
4187 1026.7604 5
4188 893.509666667 12
4189 1093.35177778 9
4190 932.153571429 14
4191 798.097333333 9
4192 909.016714286 14
4193 1011.8795 12
4194 983.9305 12
4195 1437.75630769 13
4196 825.5115 12
4197 906.963090909 11
4198 904.044909091 11
4199 1317.44057143 7
4200 1080.12044444 9
4201 1223.728 8
4202 1063.264 10
4203 624.045714286 7
4204 931.134333333 6
4205 1221.36214286 14
4206 1168.83622222 9
4207 1121.22875 8
4208 1088.742 11
4209 1084.53581818 11
4210 1078.30066667 12
4211 1081.73488889 9
4212 760.795 12
4213 1367.577875 16
4214 1290.541 10
4215 1229.12914286 14
4216 1237.08244444 9
4217 895.796666667 3
4218 1626.44033333 12
4219 995.61975 8
4220 986.7746 10
4221 1054.73454545 11
4222 1009.51181818 11
4223 1354.56075 8
4224 999.936 6
4225 962.887818182 11
4226 1249.401 14
4227 1001.32 11
4228 765.39325 8
4229 1131.09422222 9
4230 1241.23914286 7
4231 1360.88692308 13
4232 1048.41314286 7
4233 887.265142857 7
4234 1289.2705 4
4235 1347.53766667 12
4236 1617.62125 8
4237 1271.72333333 6
4238 1351.16133333 9
4239 1534.64446154 13
4240 1174.6916 10
4241 974.685692308 13
4242 856.6355 8
4243 618.674 9
4244 1104.71333333 15
4245 736.805428571 7
4246 1038.34822222 9
4247 903.226363636 11
4248 1388.16711111 9
4249 1017.1061 20
4250 1379.31116667 12
4251 1516.11585714 14
4252 1080.1262 10
4253 1287.3605 12
4254 1369.47933333 6
4255 1323.49871429 14
4256 938.6388 10
4257 1008.9128 5
4258 1052.66826667 15
4259 894.885090909 11
4260 1008.29933333 12
4261 630.746 7
4262 1497.721 4
4263 690.005333333 9
4264 1248.48488889 9
4265 982.8058 10
4266 1040.3164 10
4267 1337.61257143 7
4268 933.951538462 13
4269 919.141818182 11
4270 1022.02575 8
4271 907.720545455 11
4272 1320.426 9
4273 1218.10766667 12
4274 875.6328 5
4275 1089.8984 10
4276 1434.00446154 13
4277 758.520727273 11
4278 1684.22218182 11
4279 1009.645875 16
4280 1143.86475 8
4281 1283.63133333 9
4282 1056.534 6
4283 981.13575 16
4284 1370.81228571 7
4285 1117.73153846 13
4286 1321.80969231 13
4287 1147.00114286 14
4288 1228.82872727 11
4289 1200.42066667 9
4290 876.897111111 9
4291 1214.67914286 14
4292 1140.2386 10
4293 967.887125 16
4294 1060.20345455 11
4295 1220.29942857 7
4296 1041.63428571 14
4297 1516.51442857 14
4298 1013.49085714 7
4299 1002.856 11
4300 1409.682 11
4301 1569.16692308 13
4302 1137.0134 10
4303 1066.6124 10
4304 1272.11563636 11
4305 1168.3296 10
4306 931.6055 8
4307 840.35475 8
4308 1599.53963636 11
4309 1243.504 10
4310 1357.01025 8
4311 1279.44711111 9
4312 1244.69418182 11
4313 1880.128 7
4314 955.134 11
4315 919.836 7
4316 827.618 3
4317 1259.22511111 9
4318 1354.83114286 7
4319 1369.2912 5
4320 848.686 5
4321 1015.8996 5
4322 1376.20275 8
4323 789.710727273 11
4324 1321.185 8
4325 876.665 12
4326 1021.77626667 15
4327 1350.3692 5
4328 1381.5582 10
4329 1267.2116 15
4330 1646.896 8
4331 1012.6062 10
4332 1502.1075 8
4333 1221.4062 10
4334 1049.43825 8
4335 973.113333333 9
4336 1019.15755556 9
4337 1357.8236 10
4338 1375.3936 15
4339 1164.47963636 11
4340 1037.56314286 7
4341 922.345333333 9
4342 1516.678 9
4343 1446.354 9
4344 1613.914 11
4345 1456.389 8
4346 880.2018 10
4347 945.3308 15
4348 1003.83709091 11
4349 1841.80822222 9
4350 1441.272 8
4351 1075.61644444 9
4352 744.29375 8
4353 1598.989 8
4354 881.028444444 9
4355 1057.52828571 14
4356 1223.7916 10
4357 1463.97833333 6
4358 908.644285714 7
4359 1227.234 8
4360 1504.4452 10
4361 1312.54109091 11
4362 839.911 12
4363 1064.55236364 11
4364 1755.15466667 6
4365 1300.72485714 7
4366 977.759142857 7
4367 879.0838 10
4368 1226.843 12
4369 1026.4076 10
4370 1095.85333333 6
4371 937.3912 5
4372 765.944285714 7
4373 807.746666667 9
4374 1182.45371429 14
4375 770.926333333 6
4376 1006.80784615 13
4377 1146.72533333 18
4378 1632.239 2
4379 1082.03523077 13
4380 752.329555556 9
4381 1453.96984615 13
4382 1638.81911111 9
4383 1015.525 8
4384 1367.83571429 14
4385 902.605714286 7
4386 1236.0762 10
4387 1201.60945455 11
4388 836.285166667 12
4389 1276.83646154 13
4390 1099.54366667 6
4391 1291.12 10
4392 1073.81890909 11
4393 640.633714286 7
4394 1102.09466667 12
4395 1467.68707692 13
4396 1299.29716667 12
4397 891.315777778 9
4398 987.4915 12
4399 793.332 6
4400 831.352545455 11
4401 910.99975 8
4402 923.424666667 9
4403 1133.63213333 15
4404 1290.0325 12
4405 642.018 10
4406 1119.91666667 9
4407 1180.823875 16
4408 1829.9476 5
4409 993.682 8
4410 877.819454545 11
4411 1167.5105 8
4412 783.324 8
4413 1138.17670588 17
4414 1106.2552 10
4415 950.94 6
4416 1024.6734 10
4417 1133.39 11
4418 1020.76745455 11
4419 1531.56542857 14
4420 894.466 12
4421 1167.83983333 12
4422 1204.78683333 12
4423 1219.07488889 9
4424 1456.66323077 13
4425 854.282666667 9
4426 1283.22246154 13
4427 1237.68866667 12
4428 759.146857143 7
4429 715.5415 8
4430 1058.3905 8
4431 1179.4748 15
4432 1143.55657143 14
4433 702.699866667 15
4434 912.7912 10
4435 1063.74088889 9
4436 1213.088 5
4437 1218.58755556 9
4438 753.695 4
4439 1247.38533333 12
4440 824.766666667 6
4441 1050.98225 8
4442 997.324 5
4443 1167.42244444 9
4444 1007.25975 8
4445 1015.782 8
4446 1289.3565 12
4447 1145.1474 10
4448 993.368909091 11
4449 1219.47563636 11
4450 1102.9208 5
4451 1340.544 8
4452 831.117555556 9
4453 1041.409 8
4454 989.77675 8
4455 1136.11309091 11
4456 933.295666667 6
4457 916.898285714 7
4458 1200.83657143 14
4459 1388.06866667 6
4460 908.796 10
4461 1237.266 12
4462 993.411272727 11
4463 1361.05082353 17
4464 1206.0732 5
4465 978.5475 4
4466 1251.47 8
4467 1047.6868 5
4468 1506.886 7
4469 1231.836 18
4470 1165.3014 10
4471 1302.8702 10
4472 882.135 6
4473 792.084222222 9
4474 1527.72266667 6
4475 818.784444444 9
4476 1129.66716667 12
4477 1123.9104 10
4478 885.225333333 12
4479 1078.37685714 14
4480 1428.9304 5
4481 1141.5835 12
4482 940.59925 8
4483 802.82875 8
4484 1331.44257143 7
4485 780.49025 8
4486 1107.773 10
4487 1486.35485714 7
4488 1072.17466667 12
4489 1112.011125 16
4490 1152.52888889 9
4491 1330.62327273 11
4492 1363.62366667 12
4493 1194.3475 8
4494 1501.37025 16
4495 1255.67575 8
4496 970.576857143 7
4497 1054.43285714 7
4498 1109.64577778 9
4499 1131.52257143 7
4500 1449.5606 10
4501 787.70825 8
4502 973.669230769 13
4503 1211.6976 15
4504 1079.7984 10
4505 1179.31092308 13
4506 1116.11142857 14
4507 1211.01555556 9
4508 1788.17907692 13
4509 1148.48688889 9
4510 730.032142857 14
4511 937.569333333 9
4512 1704.41 8
4513 1494.9815 8
4514 1175.70615385 13
4515 970.476222222 9
4516 1175.41030769 13
4517 876.250285714 7
4518 1434.145875 16
4519 1430.263 6
4520 1060.75053333 15
4521 1117.26422222 9
4522 862.01675 16
4523 1331.6116 10
4524 1594.53028571 7
4525 1471.52885714 7
4526 947.123 6
4527 1059.5176 10
4528 1258.732 7
4529 719.8 10
4530 1136.7706 10
4531 1145.80642857 14
4532 1000.6358 10
4533 863.973666667 6
4534 1340.70469565 23
4535 1037.45418182 11
4536 1364.145 8
4537 1495.11075 8
4538 936.473714286 14
4539 972.624421053 19
4540 947.190833333 12
4541 945.109333333 9
4542 1171.08171429 14
4543 1127.61733333 9
4544 1281.72272727 11
4545 1225.1838 10
4546 912.338222222 9
4547 1083.96866667 12
4548 1388.56777778 9
4549 988.362615385 13
4550 860.84125 8
4551 1273.98666667 15
4552 1147.406 13
4553 889.6625 8
4554 1123.43566667 6
4555 1084.968 6
4556 1131.63925 8
4557 1157.2915 8
4558 1369.82054545 11
4559 1112.344 7
4560 957.122307692 13
4561 1012.09628571 14
4562 1303.474 18
4563 624.710333333 6
4564 1160.41511111 9
4565 2073.5628 10
4566 1175.18225 8
4567 1103.44325 8
4568 1567.4995 12
4569 1651.806 11
4570 1002.31316667 12
4571 790.7504 5
4572 1233.3386 10
4573 909.8126 10
4574 1011.30338462 13
4575 899.73 8
4576 1621.18766667 12
4577 929.446181818 11
4578 1368.7044 10
4579 1281.9795 8
4580 1372.50966667 6
4581 1212.748 3
4582 1640.0602 10
4583 1096.59093333 15
4584 1012.79466667 9
4585 1209.6158 10
4586 1614.19933333 12
4587 807.346 7
4588 1180.81933333 15
4589 1057.43418182 11
4590 719.381333333 3
4591 1296.8284 10
4592 804.919666667 6
4593 966.8952 10
4594 1241.19 7
4595 919.605333333 12
4596 965.350533333 15
4597 1309.14 6
4598 1321.694 11
4599 654.890444444 9
4600 1043.41953846 13
4601 857.664666667 9
4602 1283.99933333 12
4603 866.9788 5
4604 994.323230769 13
4605 1455.99184615 13
4606 1555.4536 15
4607 757.604714286 14
4608 1189.29085714 14
4609 1282.08723077 13
4610 913.875333333 3
4611 1673.8625 8
4612 1081.73766667 6
4613 988.296 18
4614 860.3844 10
4615 1274.87381818 11
4616 1296.11716667 12
4617 1036.12015385 13
4618 1024.14866667 12
4619 1140.32666667 6
4620 1099.3595 12
4621 1174.21466667 12
4622 889.778545455 11
4623 1098.27466667 9
4624 1097.74933333 6
4625 1297.298 6
4626 1302.21375 8
4627 963.457 6
4628 992.417111111 9
4629 1214.7735 12
4630 955.2785 8
4631 1106.06585714 14
4632 808.535555556 9
4633 960.760666667 6
4634 800.900666667 9
4635 1037.14555556 9
4636 1007.246 9
4637 992.717333333 9
4638 1523.146 8
4639 1255.09333333 9
4640 1048.49676923 13
4641 831.851571429 14
4642 872.367333333 12
4643 1844.40371429 7
4644 1265.707 14
4645 1231.76685714 7
4646 1071.23342857 7
4647 859.22175 8
4648 1078.23766667 6
4649 1096.784 5
4650 865.387636364 11
4651 884.20275 8
4652 1230.25166667 12
4653 901.2092 5
4654 830.634333333 6
4655 800.6576 5
4656 850.657428571 7
4657 1190.79733333 6
4658 867.656166667 12
4659 1075.596 5
4660 977.7606 10
4661 1211.364 8
4662 1115.02888889 9
4663 1123.55466667 9
4664 1758.6608 10
4665 1080.58813333 15
4666 1237.7276 5
4667 964.742285714 7
4668 977.398363636 11
4669 1087.62755556 9
4670 675.727818182 11
4671 1506.20384615 13
4672 879.737818182 11
4673 941.831428571 7
4674 1373.44628571 14
4675 1113.73781818 11
4676 863.682714286 14
4677 971.054571429 7
4678 864.2292 10
4679 2094.888 4
4680 1289.8838 20
4681 1032.29942857 7
4682 1406.9955 8
4683 996.886 11
4684 1428.64916667 12
4685 1319.00883333 12
4686 1153.11166667 6
4687 1877.1715 8
4688 929.062307692 13
4689 1225.05542857 14
4690 1163.09516667 12
4691 1163.57386667 15
4692 982.88775 8
4693 1220.42218182 11
4694 1170.71461538 13
4695 1031.0638 10
4696 1808.72133333 6
4697 1503.3774 10
4698 1167.82933333 9
4699 1599.157 10
4700 1028.24685714 7
4701 1396.82914286 7
4702 918.521714286 7
4703 1165.87969231 13
4704 896.225411765 17
4705 1290.17092308 13
4706 1002.84453333 15
4707 1163.00030769 13
4708 1373.72933333 9
4709 1213.267 10
4710 865.861 8
4711 1198.70184615 13
4712 1112.38030769 13
4713 1215.358 6
4714 899.4764 10
4715 1014.20971429 7
4716 935.7025 8
4717 975.911090909 11
4718 1063.8406 10
4719 1623.29285714 7
4720 1380.36633333 12
4721 1061.82436364 11
4722 1434.9998 10
4723 974.748285714 14
4724 829.835636364 11
4725 975.815625 16
4726 742.971428571 7
4727 1005.04446154 13
4728 926.824888889 9
4729 868.9598 10
4730 1161.9716 5
4731 1013.36422222 9
4732 1682.825 8
4733 661.1105 4
4734 900.168666667 12
4735 897.283846154 13
4736 1304.394 8
4737 1359.37325 8
4738 1193.3378 10
4739 1782.82 4
4740 1115.33013333 15
4741 941.100666667 9
4742 830.543428571 14
4743 593.735333333 3
4744 872.7702 10
4745 1246.07745455 11
4746 708.699066667 15
4747 1031.8755 12
4748 968.044 10
4749 952.2125 8
4750 1217.11933333 6
4751 1098.64963636 11
4752 834.256571429 7
4753 1196.95371429 14
4754 865.384526316 19
4755 831.627333333 6
4756 965.783 12
4757 1067.201 18
4758 1122.134 6
4759 1306.12385714 14
4760 1170.4022 10
4761 965.105 6
4762 1200.78727273 11
4763 1104.12833333 6
4764 1282.3902 10
4765 1316.65966667 6
4766 853.708333333 12
4767 1099.9094 10
4768 953.709166667 12
4769 1357.551 16
4770 1004.999 6
4771 1057.01866667 6
4772 838.626615385 13
4773 997.761636364 11
4774 1069.3208 10
4775 896.40825 8
4776 1484.0804 10
4777 1170.05057143 7
4778 1367.4848 10
4779 1166.53628571 14
4780 861.8392 10
4781 965.0386 10
4782 1218.96381818 11
4783 681.712444444 9
4784 1014.16661538 13
4785 947.379 8
4786 899.978166667 12
4787 853.026857143 7
4788 947.1484 5
4789 1117.34614286 14
4790 1533.367 4
4791 989.814444444 9
4792 1095.17371429 7
4793 1005.00633333 6
4794 1119.4405 4
4795 1411.01984615 13
4796 1406.56173333 15
4797 1229.68290909 11
4798 1067.967 6
4799 1770.27366667 12
4800 1354.27246154 13
4801 1162.59155556 9
4802 1182.05525 8
4803 1146.82044444 9
4804 1486.80833333 6
4805 783.51175 8
4806 946.198 12
4807 1143.22633333 6
4808 1213.328 8
4809 1261.5446 10
4810 1739.643 6
4811 1176.88784615 13
4812 987.1972 10
4813 1121.526 13
4814 805.5612 5
4815 1143.91366667 6
4816 915.916 13
4817 1072.56072727 11
4818 1287.16981818 11
4819 1064.32894118 17
4820 886.702 12
4821 1201.57342857 7
4822 1550.27054545 11
4823 1138.32575 8
4824 866.419 6
4825 895.001272727 11
4826 1199.7808 10
4827 1090.96133333 12
4828 882.6345 8
4829 1658.81733333 12
4830 1355.26214286 14
4831 1501.79575 8
4832 1331.52433333 12
4833 1508.02377778 9
4834 1109.37733333 12
4835 942.567 4
4836 1352.41727273 11
4837 764.8412 10
4838 1355.52633333 12
4839 1482.914 7
4840 1016.29 10
4841 1154.26690909 11
4842 861.617090909 11
4843 1277.3264 10
4844 1774.74166667 12
4845 895.866666667 12
4846 1309.62816667 12
4847 1055.64892308 13
4848 1285.52581818 11
4849 1191.67225 8
4850 956.8356 10
4851 1165.0246 10
4852 1212.567 10
4853 796.7185 16
4854 1163.00242857 14
4855 1445.58225 8
4856 847.840727273 11
4857 703.4084 5
4858 1178.42 6
4859 1106.388 9
4860 832.039818182 11
4861 842.3455 8
4862 1372.82288889 9
4863 1302.52618182 11
4864 1127.562 7
4865 1015.4435 12
4866 1114.276 9
4867 836.552222222 9
4868 1146.3872 10
4869 1009.04542857 7
4870 1435.11485714 7
4871 971.159666667 12
4872 842.016333333 12
4873 770.53875 8
4874 968.9195 12
4875 1002.671 12
4876 1343.749 8
4877 853.899 4
4878 1177.84709091 11
4879 1389.6615 8
4880 1145.74885714 7
4881 1207.14030769 13
4882 806.251 10
4883 664.639777778 9
4884 1243.36155556 9
4885 982.7205 8
4886 1198.31488889 9
4887 1064.36 12
4888 1473.97290909 11
4889 1096.71142857 7
4890 826.17 8
4891 923.641818182 11
4892 693.766285714 7
4893 1241.97416667 12
4894 1208.8885 8
4895 1006.29555556 9
4896 1281.75927273 11
4897 1357.33657143 7
4898 1385.18107692 13
4899 831.2052 10
4900 1046.368 8
4901 849.437846154 13
4902 1149.60533333 12
4903 1253.15366667 6
4904 1276.4138 10
4905 1021.91072727 11
4906 1214.94890909 11
4907 1521.4055 8
4908 1213.98306667 15
4909 1069.6854 10
4910 935.766153846 13
4911 1029.26085714 7
4912 939.1048 5
4913 900.0008 5
4914 970.661777778 9
4915 1152.0456 5
4916 888.172166667 12
4917 1036.6822 10
4918 1011.4868 10
4919 845.686888889 9
4920 1329.89963636 11
4921 1210.516 10
4922 1343.47953846 13
4923 769.474615385 13
4924 1365.32492308 13
4925 1003.27953846 13
4926 483.417 2
4927 964.492363636 11
4928 1136.21327273 11
4929 1095.85114286 7
4930 1162.2632 10
4931 1434.17533333 9
4932 1057.48355556 9
4933 1201.32044444 9
4934 1100.69430769 13
4935 1462.70755556 9
4936 1199.639875 16
4937 918.5062 10
4938 981.558222222 9
4939 1400.63685714 7
4940 1344.7876 15
4941 1088.77357143 14
4942 1249.082 6
4943 872.351666667 6
4944 1092.17771429 14
4945 977.244933333 15
4946 920.915 10
4947 957.3068 10
4948 885.496 13
4949 1112.6112 5
4950 1198.51775 8
4951 1315.783 16
4952 1197.38293333 15
4953 1221.3445 16
4954 894.5386 10
4955 1447.94542857 7
4956 1066.11376471 17
4957 1183.28475 8
4958 1246.5698 10
4959 2009.05085714 7
4960 888.8536 10
4961 943.064181818 11
4962 1067.9552 5
4963 1420.8394 10
4964 963.451090909 11
4965 1424.0986 10
4966 1462.44046154 13
4967 1218.40666667 9
4968 1174.96236364 11
4969 1349.67106667 15
4970 1274.95109091 11
4971 978.910833333 12
4972 948.471142857 14
4973 1022.052375 16
4974 1232.79016667 12
4975 1179.0855 12
4976 1848.69622222 9
4977 705.9865 4
4978 1423.97969231 13
4979 805.0728 5
4980 688.07575 8
4981 1246.57145455 11
4982 983.261111111 9
4983 763.129555556 9
4984 1167.30622222 9
4985 1022.64971429 7
4986 1158.02685714 7
4987 1395.1024 10
4988 1088.26844444 9
4989 1388.47509091 11
4990 1454.9758 10
4991 1685.61647059 17
4992 1523.20044444 9
4993 1061.37061538 13
4994 1224.5595 12
4995 1253.47861538 13
4996 1014.50236364 11
4997 1421.73381818 11
4998 1258.0476 5
4999 1350.61328571 14
